t,lead_I,lead_II,v3,v4
1.9,-119138,-141424,91895,87150
3.9,-120543,-142435,91599,87010
5.9,-120802,-142617,91577,87003
7.9,-121571,-143106,91581,87024
9.9,-122681,-143905,91281,86771
11.9,-122465,-143892,90834,86284
13.9,-121269,-143175,90693,86043
15.9,-120495,-142672,90754,86048
17.9,-120027,-142349,90742,86003
19.9,-119477,-141912,90954,86179
21.9,-119505,-141821,91456,86701
23.9,-120236,-142304,91674,86984
25.9,-120945,-142873,91541,86893
27.9,-121579,-143309,91477,86850
29.9,-122257,-143687,91339,86737
31.9,-122226,-143673,90967,86349
33.9,-121276,-143082,90780,86099
35.9,-120381,-142412,90827,86105
37.9,-119938,-142029,90799,86064
39.9,-119584,-141856,90957,86200
41.9,-119588,-141969,91460,86702
43.9,-120242,-142395,91724,87021
45.9,-120981,-142790,91554,86914
47.9,-121515,-143066,91397,86776
49.9,-122076,-143411,91257,86612
51.9,-122228,-143541,90942,86252
53.9,-121524,-143110,90747,86019
55.9,-120597,-142450,90808,86062
57.9,-120041,-141999,90894,86133
59.9,-119696,-141794,91099,86324
61.9,-119658,-141865,91500,86755
63.88,-120175,-142194,91706,87030
65.85,-120797,-142512,91604,86984
67.83,-121118,-142749,91517,86923
69.8,-121346,-142991,91419,86841
71.8,-121437,-142989,91165,86569
73.8,-121049,-142596,90996,86335
75.8,-120345,-142157,91018,86294
77.8,-119712,-141843,91061,86310
79.8,-119334,-141557,91230,86475
81.8,-119451,-141538,91601,86864
83.8,-120072,-141909,91823,87120
85.8,-120698,-142236,91740,87061
87.8,-121090,-142375,91612,86941
89.8,-121443,-142644,91495,86827
91.8,-121564,-142839,91281,86589
93.8,-121097,-142480,91102,86358
95.8,-120327,-141833,91075,86292
97.8,-119726,-141449,91147,86359
99.8,-119411,-141325,91345,86568
101.8,-119506,-141339,91628,86871
103.8,-120059,-141612,91775,87055
105.8,-120663,-142089,91786,87105
107.8,-120977,-142488,91801,87146
109.8,-121100,-142651,91711,87066
111.8,-121074,-142560,91462,86808
113.8,-120792,-142303,91316,86637
115.8,-120342,-142038,91363,86654
117.8,-119824,-141758,91418,86691
119.8,-119346,-141420,91493,86772
121.8,-119315,-141288,91698,87004
123.8,-119880,-141570,91883,87212
125.8,-120487,-141940,91888,87221
127.8,-120781,-142041,91756,87087
129.8,-121016,-142030,91561,86883
131.8,-121103,-142109,91394,86690
133.8,-120647,-142108,91356,86624
135.8,-119978,-141872,91377,86635
137.8,-119683,-141543,91365,86629
139.8,-119589,-141314,91439,86716
141.8,-119476,-141311,91638,86953
143.78,-119737,-141596,91775,87139
145.75,-120440,-142012,91775,87166
147.73,-120955,-142277,91717,87116
149.7,-120982,-142320,91582,86988
151.7,-120779,-142235,91369,86769
153.7,-120469,-142020,91227,86590
155.7,-120035,-141690,91217,86538
157.7,-119674,-141427,91282,86596
159.7,-119560,-141388,91419,86762
161.7,-119646,-141512,91578,86959
163.7,-119866,-141646,91630,87044
165.7,-120198,-141742,91595,87036
167.7,-120564,-141877,91569,87026
169.7,-120821,-142076,91500,86949
171.7,-120807,-142163,91356,86779
173.7,-120471,-141964,91268,86671
175.7,-119995,-141614,91289,86684
177.7,-119649,-141361,91344,86720
179.7,-119543,-141205,91432,86789
181.7,-119612,-141048,91566,86939
183.7,-119786,-141012,91654,87066
185.7,-120075,-141249,91652,87075
187.7,-120472,-141614,91603,87003
189.7,-120800,-141795,91485,86863
191.7,-120817,-141693,91298,86662
193.7,-120502,-141494,91183,86525
195.7,-120090,-141405,91233,86545
197.7,-119843,-141431,91367,86659
199.7,-119860,-141454,91502,86792
201.7,-120026,-141440,91628,86933
203.7,-120160,-141470,91714,87042
205.7,-120289,-141639,91712,87052
207.7,-120570,-141919,91631,86966
209.7,-120911,-142121,91499,86827
211.7,-121007,-142090,91354,86674
213.7,-120783,-141888,91250,86552
215.7,-120454,-141650,91228,86501
217.7,-120212,-141400,91282,86535
219.7,-120145,-141212,91380,86634
221.7,-120271,-141265,91472,86744
223.68,-120501,-141534,91517,86811
225.65,-120723,-141789,91521,86838
227.63,-120914,-141939,91497,86836
229.6,-121051,-142054,91431,86773
231.6,-121054,-142105,91328,86647
233.6,-120871,-141994,91250,86544
235.6,-120515,-141751,91249,86536
237.6,-120122,-141518,91313,86600
239.6,-119962,-141403,91387,86673
241.6,-120162,-141382,91437,86730
243.6,-120502,-141392,91462,86775
245.6,-120733,-141513,91469,86800
247.6,-120873,-141842,91458,86794
249.6,-121006,-142208,91423,86754
251.6,-121093,-142326,91360,86676
253.6,-121053,-142168,91270,86565
255.6,-120811,-141891,91190,86480
257.6,-120392,-141607,91185,86493
259.6,-120086,-141434,91263,86592
261.6,-120198,-141501,91363,86697
263.6,-120595,-141741,91434,86764
265.6,-120880,-141951,91457,86790
267.6,-120938,-142036,91411,86754
269.6,-120944,-142035,91313,86661
271.6,-120981,-141998,91236,86574
273.6,-120939,-141942,91211,86521
275.6,-120714,-141807,91191,86475
277.6,-120358,-141512,91176,86458
279.6,-120102,-141181,91226,86532
281.6,-120134,-141126,91328,86668
283.6,-120383,-141420,91406,86765
285.6,-120621,-141729,91428,86774
287.6,-120731,-141770,91387,86707
289.6,-120726,-141676,91266,86584
291.6,-120663,-141672,91126,86459
293.6,-120600,-141704,91074,86412
295.6,-120516,-141647,91102,86435
297.6,-120330,-141558,91124,86458
299.6,-120118,-141529,91146,86485
301.5,-120101,-141579,91219,86561
303.5,-120337,-141722,91298,86654
305.5,-120664,-141905,91302,86687
307.5,-120903,-141984,91231,86630
309.5,-120939,-141936,91135,86519
311.5,-120775,-141868,91044,86411
313.5,-120611,-141811,90980,86345
315.5,-120599,-141742,90958,86330
317.5,-120568,-141708,90987,86362
319.5,-120361,-141686,91059,86431
321.5,-120200,-141588,91128,86491
323.5,-120360,-141515,91143,86506
325.5,-120735,-141680,91133,86518
327.5,-120990,-142014,91150,86554
329.5,-120953,-142228,91150,86534
331.5,-120751,-142227,91075,86421
333.5,-120660,-142133,90984,86318
335.5,-120745,-141989,90942,86288
337.5,-120727,-141796,90920,86276
339.5,-120451,-141675,90916,86284
341.5,-120208,-141711,90984,86372
343.5,-120305,-141842,91085,86483
345.5,-120647,-142030,91121,86505
347.5,-120951,-142233,91079,86453
349.5,-121049,-142261,91003,86385
351.5,-120921,-142086,90912,86303
353.5,-120723,-142026,90846,86225
355.5,-120667,-142176,90838,86191
357.5,-120725,-142184,90858,86198
359.5,-120694,-141961,90888,86233
361.5,-120582,-141900,90956,86302
363.5,-120582,-142130,91026,86361
365.5,-120743,-142336,91032,86361
367.5,-120980,-142387,90978,86319
369.5,-121185,-142414,90897,86242
371.5,-121201,-142393,90800,86131
373.48,-120973,-142262,90743,86070
375.45,-120729,-142146,90767,86115
377.43,-120703,-142150,90819,86180
379.4,-120790,-142227,90856,86201
381.4,-120768,-142289,90905,86241
383.4,-120655,-142232,90950,86310
385.4,-120636,-142074,90944,86338
387.4,-120805,-142065,90920,86321
389.4,-121040,-142258,90892,86290
391.4,-121069,-142288,90802,86217
393.4,-120796,-142013,90689,86130
395.4,-120504,-141847,90675,86118
397.4,-120485,-142000,90738,86174
399.4,-120634,-142128,90778,86222
401.4,-120665,-142022,90808,86261
403.4,-120554,-141904,90860,86299
405.4,-120525,-141913,90865,86283
407.4,-120701,-141980,90796,86212
409.4,-120932,-142106,90743,86163
411.4,-120973,-142270,90740,86155
413.4,-120795,-142315,90733,86143
415.4,-120601,-142188,90701,86121
417.4,-120533,-142008,90695,86121
419.4,-120553,-141893,90742,86159
421.4,-120596,-141920,90805,86219
423.4,-120635,-142081,90826,86258
425.4,-120660,-142201,90794,86242
427.4,-120743,-142218,90760,86203
429.4,-120944,-142338,90754,86184
431.4,-121102,-142584,90760,86169
433.4,-121002,-142617,90768,86150
435.4,-120734,-142331,90801,86165
437.4,-120575,-142032,90865,86233
439.4,-120617,-141897,90947,86323
441.4,-120748,-141830,91051,86416
443.4,-120849,-141772,91154,86497
445.4,-120861,-141713,91194,86518
447.4,-120821,-141640,91162,86478
449.4,-120857,-141661,91131,86446
451.4,-120988,-141796,91126,86429
453.38,-121027,-141820,91106,86384
455.35,-120843,-141671,91091,86360
457.33,-120595,-141611,91160,86452
459.3,-120531,-141712,91280,86609
461.3,-120664,-141748,91335,86697
463.3,-120792,-141650,91329,86721
465.3,-120787,-141529,91361,86772
467.3,-120757,-141418,91423,86833
469.3,-120864,-141348,91438,86823
471.3,-121051,-141356,91427,86775
473.3,-121069,-141311,91457,86782
475.3,-120805,-141124,91499,86837
477.3,-120454,-140964,91501,86874
479.3,-120287,-140914,91487,86894
481.3,-120363,-140855,91491,86933
483.3,-120528,-140885,91503,86982
485.3,-120604,-141180,91510,86995
487.3,-120568,-141469,91490,86943
489.3,-120555,-141416,91416,86837
491.3,-120661,-141269,91323,86734
493.3,-120788,-141367,91277,86680
495.3,-120794,-141510,91274,86665
497.3,-120717,-141469,91278,86674
499.3,-120694,-141451,91301,86715
501.3,-120770,-141598,91328,86742
503.3,-120905,-141735,91277,86685
505.3,-121024,-141845,91138,86562
507.3,-121029,-142081,91010,86455
509.3,-120903,-142347,90936,86373
511.3,-120794,-142450,90872,86281
513.3,-120809,-142426,90794,86196
515.3,-120825,-142343,90721,86140
517.3,-120672,-142192,90653,86083
519.3,-120442,-142113,90607,86032
521.3,-120417,-142252,90624,86042
523.3,-120707,-142460,90672,86083
525.3,-121061,-142535,90653,86060
527.3,-121146,-142541,90575,85981
529.3,-120976,-142599,90538,85945
531.3,-120871,-142689,90560,85964
533.28,-120969,-142784,90570,85978
535.25,-121058,-142847,90548,85973
537.23,-120955,-142732,90507,85950
539.2,-120750,-142394,90430,85887
541.2,-120640,-142120,90364,85839
543.2,-120716,-142233,90416,85909
545.2,-120894,-142614,90547,86034
547.2,-120978,-142836,90593,86044
549.2,-120908,-142780,90534,85951
551.2,-120862,-142734,90489,85895
553.2,-120940,-142809,90463,85865
555.2,-120997,-142766,90401,85792
557.2,-120954,-142593,90396,85779
559.2,-120933,-142615,90552,85917
561.2,-120981,-142868,90780,86079
563.2,-121034,-143010,90948,86129
565.2,-121108,-142918,91084,86127
567.2,-121199,-142795,91275,86167
569.2,-121167,-142738,91531,86271
571.2,-120953,-142686,91813,86464
573.2,-120646,-142621,92048,86750
575.2,-120300,-142490,92203,87117
577.2,-119905,-142171,92362,87653
579.2,-119459,-141673,92576,88422
581.2,-118929,-141127,92676,89223
583.2,-118374,-140561,92500,89821
585.2,-118057,-139913,92128,90283
587.2,-118096,-139230,91654,90721
589.2,-118195,-138649,90987,90971
591.2,-118125,-138279,90107,90838
593.2,-118154,-138311,89189,90296
595.2,-118622,-139005,88305,89287
597.2,-119409,-140266,87336,87762
599.2,-120134,-141489,86295,86031
601.2,-120644,-142180,85440,84612
603.2,-121026,-142486,84996,83736
605.2,-121340,-142799,84975,83319
607.2,-121530,-143203,85274,83245
609.2,-121533,-143518,85794,83416
611.2,-121358,-143607,86456,83703
613.18,-121097,-143486,87187,84043
615.15,-120893,-143323,87908,84434
617.13,-120845,-143271,88559,84840
619.1,-120889,-143218,89104,85191
621.1,-120841,-142969,89514,85445
623.1,-120631,-142681,89804,85621
625.1,-120476,-142709,90052,85769
627.1,-120620,-142964,90264,85885
629.1,-120919,-142977,90329,85883
631.1,-121005,-142677,90252,85769
633.1,-120874,-142534,90225,85713
635.1,-120816,-142714,90331,85800
637.1,-120812,-142795,90414,85891
639.1,-120664,-142590,90393,85885
641.1,-120552,-142512,90376,85858
643.1,-120699,-142763,90409,85865
645.1,-120848,-142965,90417,85853
647.1,-120769,-142900,90392,85814
649.1,-120711,-142845,90382,85790
651.1,-120838,-142947,90385,85780
653.1,-120899,-143003,90395,85781
655.1,-120786,-142919,90424,85808
657.1,-120699,-142834,90446,85838
659.1,-120710,-142823,90456,85850
661.1,-120713,-142839,90502,85875
663.1,-120703,-142857,90558,85916
665.1,-120732,-142879,90559,85933
667.1,-120756,-142886,90534,85936
669.1,-120721,-142858,90542,85934
671.1,-120695,-142823,90551,85904
673.1,-120746,-142865,90542,85885
675.1,-120776,-142962,90551,85932
677.1,-120651,-142940,90556,85977
679.1,-120481,-142770,90536,85959
681.1,-120502,-142686,90540,85960
683.1,-120704,-142767,90566,86005
685.1,-120863,-142825,90535,85988
687.1,-120893,-142850,90490,85925
689.1,-120857,-143040,90535,85944
691.1,-120779,-143307,90614,86007
693.08,-120706,-143335,90607,85988
695.05,-120706,-143133,90558,85935
697.03,-120708,-142968,90551,85946
699.0,-120592,-142902,90554,85961
701.0,-120450,-142837,90534,85926
703.0,-120481,-142820,90551,85927
705.0,-120673,-142946,90625,85997
707.0,-120803,-143112,90669,86027
709.0,-120733,-143146,90635,85961
711.0,-120586,-143069,90582,85875
713.0,-120582,-143023,90566,85839
715.0,-120739,-143001,90569,85840
717.0,-120825,-142886,90576,85872
719.0,-120697,-142727,90624,85965
721.0,-120517,-142684,90720,86099
723.0,-120502,-142717,90792,86187
725.0,-120615,-142673,90805,86204
727.0,-120672,-142576,90806,86204
729.0,-120608,-142517,90813,86204
731.0,-120496,-142440,90778,86160
733.0,-120433,-142336,90718,86093
735.0,-120461,-142342,90723,86100
737.0,-120522,-142481,90812,86197
739.0,-120515,-142577,90893,86291
741.0,-120447,-142525,90907,86313
743.0,-120421,-142408,90882,86289
745.0,-120467,-142352,90872,86274
747.0,-120528,-142393,90888,86285
749.0,-120551,-142456,90912,86305
751.0,-120490,-142445,90929,86312
753.0,-120367,-142371,90930,86303
755.0,-120310,-142323,90919,86290
757.0,-120371,-142344,90922,86298
759.0,-120409,-142378,90965,86343
761.0,-120312,-142328,91016,86400
763.0,-120161,-142180,91020,86415
765.0,-120109,-142110,90998,86394
767.0,-120224,-142329,91023,86410
769.0,-120409,-142679,91085,86472
771.0,-120423,-142701,91095,86486
772.98,-120188,-142319,91034,86417
774.95,-119993,-142043,91000,86378
776.93,-120087,-142201,91058,86452
778.9,-120295,-142463,91146,86567
780.9,-120321,-142459,91175,86615
782.9,-120178,-142311,91138,86596
784.9,-120067,-142245,91101,86575
786.9,-120107,-142245,91103,86577
788.9,-120256,-142273,91113,86579
790.9,-120327,-142337,91088,86560
792.9,-120181,-142342,91061,86547
794.9,-119979,-142262,91093,86583
796.9,-119989,-142249,91162,86653
798.9,-120162,-142332,91193,86699
800.9,-120227,-142344,91178,86695
802.9,-120127,-142263,91161,86675
804.9,-120032,-142254,91148,86666
806.9,-120060,-142355,91135,86668
808.9,-120188,-142436,91140,86678
810.9,-120311,-142434,91146,86685
812.9,-120286,-142405,91109,86675
814.9,-120080,-142387,91042,86644
816.9,-119891,-142344,90995,86612
818.9,-119940,-142279,90987,86607
820.9,-120166,-142286,91007,86650
822.9,-120304,-142357,91034,86710
824.9,-120239,-142324,91028,86716
826.9,-120119,-142162,90982,86665
828.9,-120125,-142117,90967,86647
830.9,-120244,-142286,91015,86696
832.9,-120297,-142378,91051,86729
834.9,-120164,-142164,91025,86704
836.9,-119966,-141858,90999,86687
838.9,-119936,-141785,91020,86718
840.9,-120103,-141943,91064,86762
842.9,-120240,-142092,91106,86801
844.9,-120180,-142084,91136,86827
846.9,-120048,-141984,91135,86815
848.9,-120072,-141951,91127,86788
850.9,-120264,-142031,91157,86803
852.88,-120403,-142095,91195,86831
854.85,-120319,-142038,91177,86801
856.83,-120102,-141928,91131,86743
858.8,-120004,-141884,91121,86732
860.8,-120162,-141952,91152,86767
862.8,-120436,-142120,91197,86805
864.8,-120541,-142241,91218,86809
866.8,-120405,-142138,91168,86753
868.8,-120296,-141969,91081,86670
870.8,-120451,-142096,91065,86649
872.8,-120700,-142412,91116,86685
874.8,-120742,-142460,91116,86680
876.8,-120609,-142253,91068,86640
878.8,-120543,-142188,91077,86647
880.8,-120605,-142260,91117,86665
882.8,-120684,-142232,91105,86639
884.8,-120710,-142217,91106,86652
886.8,-120654,-142329,91180,86743
888.8,-120542,-142344,91214,86780
890.8,-120501,-142206,91148,86712
892.8,-120602,-142189,91110,86679
894.8,-120718,-142335,91154,86730
896.8,-120699,-142402,91180,86761
898.8,-120587,-142338,91169,86751
900.8,-120542,-142276,91189,86764
902.8,-120660,-142286,91217,86773
904.8,-120853,-142358,91191,86727
906.8,-120914,-142415,91143,86670
908.8,-120776,-142367,91108,86638
910.8,-120628,-142303,91078,86623
912.8,-120657,-142389,91078,86642
914.8,-120792,-142528,91124,86699
916.8,-120839,-142504,91154,86729
918.8,-120735,-142366,91133,86715
920.8,-120606,-142307,91119,86717
922.8,-120634,-142369,91137,86748
924.8,-120826,-142476,91147,86761
926.8,-120941,-142539,91142,86758
928.8,-120815,-142468,91139,86750
930.7,-120643,-142334,91124,86718
932.7,-120683,-142362,91098,86680
934.7,-120851,-142571,91092,86675
936.7,-120878,-142691,91085,86665
938.7,-120727,-142624,91049,86622
940.7,-120586,-142576,91041,86623
942.7,-120565,-142626,91100,86704
944.7,-120627,-142621,91156,86770
946.7,-120704,-142567,91148,86769
948.7,-120735,-142596,91123,86770
950.7,-120668,-142607,91126,86799
952.7,-120551,-142451,91132,86798
954.7,-120540,-142320,91116,86762
956.7,-120676,-142429,91086,86729
958.7,-120749,-142576,91043,86699
960.7,-120594,-142510,91004,86672
962.7,-120394,-142373,90996,86671
964.7,-120429,-142394,91001,86681
966.7,-120673,-142517,90996,86682
968.7,-120851,-142590,91000,86697
970.7,-120803,-142585,91014,86715
972.7,-120637,-142543,90991,86683
974.7,-120585,-142501,90943,86617
976.7,-120731,-142478,90938,86605
978.7,-120873,-142463,90972,86639
980.7,-120786,-142476,90974,86642
982.7,-120607,-142563,90941,86618
984.7,-120661,-142675,90941,86631
986.7,-120923,-142707,90980,86669
988.7,-121048,-142664,90985,86667
990.7,-120910,-142614,90919,86611
992.7,-120736,-142585,90853,86564
994.7,-120727,-142652,90871,86583
996.7,-120855,-142855,90944,86646
998.7,-120984,-142996,90968,86682
1000.7,-120977,-142876,90916,86655
1002.7,-120819,-142686,90866,86605
1004.7,-120695,-142701,90865,86576
1006.7,-120780,-142773,90860,86559
1008.7,-120961,-142673,90819,86534
1010.6,-121014,-142629,90810,86533
1012.6,-120939,-142893,90878,86589
1014.6,-120873,-143180,90942,86650
1016.6,-120856,-143157,90926,86650
1018.6,-120867,-143026,90890,86630
1020.6,-120906,-143044,90893,86639
1022.6,-120914,-143037,90884,86638
1024.6,-120846,-142875,90840,86610
1026.6,-120803,-142797,90821,86612
1028.6,-120902,-142924,90827,86631
1030.6,-121060,-143034,90809,86600
1032.6,-121098,-142987,90788,86557
1034.6,-120985,-142890,90782,86550
1036.6,-120882,-142859,90748,86516
1038.6,-120948,-142947,90711,86448
1040.6,-121120,-143136,90738,86443
1042.6,-121137,-143234,90769,86485
1044.6,-120911,-143090,90729,86481
1046.6,-120725,-142904,90691,86462
1048.6,-120842,-142950,90719,86496
1050.6,-121100,-143117,90737,86526
1052.6,-121162,-143144,90715,86510
1054.6,-120993,-143079,90718,86500
1056.6,-120835,-143105,90748,86511
1058.6,-120859,-143188,90763,86519
1060.6,-120998,-143192,90789,86546
1062.6,-121060,-143072,90830,86593
1064.6,-120962,-142867,90831,86610
1066.6,-120851,-142721,90792,86593
1068.6,-120876,-142790,90779,86581
1070.6,-120943,-142973,90808,86584
1072.6,-120886,-143014,90841,86601
1074.6,-120757,-142919,90855,86624
1076.6,-120699,-142900,90848,86626
1078.6,-120720,-142972,90838,86606
1080.6,-120771,-142971,90852,86615
1082.6,-120863,-142886,90891,86673
1084.6,-120967,-142861,90958,86753
1086.6,-120985,-142893,91055,86822
1088.6,-120917,-142801,91137,86866
1090.5,-120914,-142569,91173,86896
1092.5,-121048,-142421,91206,86932
1094.5,-121163,-142444,91249,86953
1096.5,-121070,-142443,91244,86928
1098.5,-120845,-142368,91213,86907
1100.5,-120766,-142413,91252,86958
1102.5,-120913,-142585,91334,87025
1104.5,-121064,-142657,91349,87020
1106.5,-121015,-142568,91308,86984
1108.5,-120823,-142436,91302,86998
1110.5,-120703,-142297,91327,87036
1112.5,-120783,-142153,91337,87046
1114.5,-120957,-142046,91371,87078
1116.5,-120993,-141962,91478,87194
1118.5,-120859,-141886,91613,87345
1120.5,-120779,-141889,91704,87442
1122.5,-120872,-141964,91729,87471
1124.5,-120970,-141980,91705,87467
1126.5,-120896,-141895,91660,87450
1128.5,-120686,-141798,91615,87419
1130.5,-120539,-141766,91563,87373
1132.5,-120622,-141851,91504,87322
1134.5,-120834,-142022,91468,87287
1136.5,-120865,-142099,91470,87278
1138.5,-120705,-142012,91479,87275
1140.5,-120690,-141951,91467,87249
1142.5,-120839,-142016,91435,87215
1144.5,-120869,-142062,91402,87213
1146.5,-120877,-142056,91379,87226
1148.5,-121098,-142125,91341,87181
1150.5,-121229,-142254,91246,87054
1152.5,-121000,-142422,91126,86928
1154.5,-120829,-142773,91054,86866
1156.5,-121037,-143228,91013,86805
1158.5,-121234,-143407,90932,86689
1160.5,-121129,-143279,90833,86587
1162.5,-120991,-143238,90776,86555
1164.5,-120983,-143380,90734,86536
1166.5,-120969,-143439,90670,86491
1168.5,-120984,-143429,90631,86469
1170.4,-121144,-143580,90648,86493
1172.4,-121279,-143748,90667,86514
1174.4,-121215,-143643,90643,86497
1176.4,-121108,-143442,90610,86456
1178.4,-121138,-143493,90607,86417
1180.4,-121195,-143678,90631,86411
1182.4,-121120,-143663,90653,86448
1184.4,-120991,-143488,90665,86496
1186.4,-120993,-143432,90689,86544
1188.4,-121129,-143544,90733,86601
1190.4,-121214,-143652,90748,86629
1192.4,-121140,-143644,90696,86575
1194.4,-121018,-143555,90624,86485
1196.4,-121000,-143481,90597,86444
1198.4,-121078,-143473,90584,86428
1200.4,-121157,-143493,90545,86385
1202.4,-121192,-143497,90546,86379
1204.4,-121159,-143490,90640,86465
1206.4,-121099,-143498,90747,86536
1208.4,-121169,-143581,90787,86490
1210.4,-121395,-143768,90830,86414
1212.4,-121516,-143899,90970,86427
1214.4,-121367,-143774,91190,86513
1216.4,-121148,-143518,91448,86637
1218.4,-121059,-143461,91751,86839
1220.4,-120990,-143609,92059,87138
1222.4,-120766,-143621,92291,87520
1224.4,-120357,-143304,92479,88051
1226.4,-119832,-142805,92709,88793
1228.4,-119330,-142306,92898,89607
1230.4,-118971,-141790,92858,90257
1232.4,-118684,-141141,92557,90715
1234.4,-118364,-140332,92098,91101
1236.4,-118119,-139516,91482,91378
1238.4,-118142,-138999,90684,91384
1240.4,-118500,-139095,89814,91015
1242.38,-119139,-139895,88927,90144
1244.35,-119862,-141108,87904,88665
1246.33,-120418,-142245,86755,86857
1248.3,-120851,-143028,85784,85311
1250.3,-121400,-143524,85258,84355
1252.3,-121915,-143882,85193,83900
1254.3,-121996,-144135,85479,83806
1256.3,-121719,-144289,85995,83979
1258.3,-121510,-144391,86617,84257
1260.3,-121453,-144439,87281,84551
1262.3,-121391,-144387,87966,84902
1264.3,-121359,-144296,88599,85289
1266.3,-121385,-144294,89123,85622
1268.3,-121310,-144341,89561,85888
1270.3,-121141,-144273,89911,86101
1272.3,-121097,-144123,90134,86227
1274.3,-121198,-144097,90278,86289
1276.3,-121230,-144162,90408,86347
1278.3,-121106,-144076,90478,86370
1280.3,-120999,-143877,90473,86341
1282.3,-121086,-143844,90495,86357
1284.3,-121291,-143959,90578,86452
1286.3,-121337,-143957,90629,86525
1288.3,-121141,-143832,90636,86529
1290.3,-120976,-143771,90659,86521
1292.3,-121077,-143783,90674,86513
1294.3,-121285,-143801,90645,86482
1296.3,-121307,-143838,90628,86456
1298.3,-121108,-143834,90649,86449
1300.3,-120917,-143755,90668,86452
1302.3,-120941,-143751,90702,86502
1304.3,-121138,-143865,90779,86599
1306.3,-121268,-143897,90821,86637
1308.3,-121203,-143805,90781,86588
1310.3,-121084,-143749,90741,86560
1312.3,-121087,-143755,90750,86587
1314.3,-121189,-143802,90754,86582
1316.3,-121258,-143936,90727,86514
1318.3,-121215,-143999,90686,86444
1320.3,-121074,-143808,90654,86419
1322.28,-120948,-143662,90683,86474
1324.25,-120988,-143907,90796,86602
1326.23,-121167,-144214,90891,86697
1328.2,-121231,-144123,90882,86690
1330.2,-121055,-143881,90861,86676
1332.2,-120872,-143924,90920,86735
1334.2,-120959,-144090,90964,86772
1336.2,-121209,-144043,90912,86715
1338.2,-121297,-143911,90879,86679
1340.2,-121142,-143934,90951,86743
1342.2,-120973,-144002,91013,86799
1344.2,-120987,-143954,90967,86761
1346.2,-121130,-143913,90909,86713
1348.2,-121229,-144001,90938,86728
1350.2,-121183,-144088,90980,86742
1352.2,-121045,-144013,90950,86704
1354.2,-120970,-143869,90915,86678
1356.2,-121059,-143873,90959,86712
1358.2,-121214,-144033,91027,86756
1360.2,-121221,-144101,91018,86744
1362.2,-121057,-143951,90947,86688
1364.2,-120972,-143838,90912,86661
1366.2,-121117,-144013,90964,86724
1368.2,-121279,-144255,91056,86847
1370.2,-121210,-144187,91111,86920
1372.2,-121006,-143909,91093,86886
1374.2,-120925,-143837,91046,86815
1376.2,-121015,-144020,91040,86802
1378.2,-121124,-144123,91080,86840
1380.2,-121135,-144000,91102,86852
1382.2,-121050,-143848,91088,86835
1384.2,-120945,-143812,91094,86857
1386.2,-120895,-143802,91135,86925
1388.2,-120904,-143741,91156,86968
1390.2,-120909,-143702,91156,86979
1392.2,-120870,-143731,91196,87015
1394.2,-120810,-143744,91259,87066
1396.2,-120791,-143682,91264,87058
1398.2,-120865,-143628,91227,87014
1400.2,-120985,-143677,91233,87015
1402.18,-121007,-143759,91271,87055
1404.15,-120875,-143736,91290,87086
1406.13,-120751,-143627,91319,87126
1408.1,-120791,-143575,91374,87180
1410.1,-120900,-143609,91403,87199
1412.1,-120870,-143609,91401,87191
1414.1,-120698,-143519,91408,87200
1416.1,-120577,-143433,91410,87202
1418.1,-120638,-143452,91399,87187
1420.1,-120784,-143538,91424,87219
1422.1,-120804,-143550,91477,87296
1424.1,-120636,-143436,91499,87351
1426.1,-120472,-143313,91497,87377
1428.1,-120510,-143275,91492,87388
1430.1,-120677,-143255,91454,87349
1432.1,-120739,-143191,91405,87285
1434.1,-120613,-143138,91416,87280
1436.1,-120451,-143160,91471,87336
1438.1,-120442,-143278,91508,87387
1440.1,-120573,-143453,91531,87425
1442.1,-120624,-143517,91549,87456
1444.1,-120481,-143359,91542,87460
1446.1,-120344,-143171,91532,87451
1448.1,-120418,-143177,91551,87474
1450.1,-120577,-143245,91576,87512
1452.1,-120609,-143145,91558,87506
1454.1,-120533,-142986,91498,87447
1456.1,-120446,-143021,91454,87406
1458.1,-120396,-143237,91488,87457
1460.1,-120473,-143394,91563,87538
1462.1,-120652,-143346,91556,87517
1464.1,-120694,-143184,91471,87428
1466.1,-120540,-143122,91439,87422
1468.1,-120463,-143239,91484,87491
1470.1,-120576,-143385,91494,87497
1472.1,-120664,-143404,91452,87445
1474.1,-120605,-143385,91460,87456
1476.1,-120500,-143470,91536,87538
1478.1,-120421,-143550,91578,87584
1480.1,-120428,-143455,91534,87544
1482.08,-120589,-143331,91469,87477
1484.05,-120746,-143402,91481,87473
1486.03,-120654,-143502,91556,87530
1488.0,-120437,-143372,91593,87566
1490.0,-120437,-143207,91581,87557
1492.0,-120635,-143307,91609,87586
1494.0,-120701,-143452,91681,87659
1496.0,-120535,-143279,91686,87665
1498.0,-120378,-142977,91626,87582
1500.0,-120434,-142960,91626,87545
1502.0,-120648,-143160,91699,87595
1504.0,-120827,-143250,91723,87614
1506.0,-120841,-143249,91695,87580
1508.0,-120729,-143375,91729,87601
1510.0,-120650,-143571,91815,87672
1512.0,-120733,-143633,91841,87682
1514.0,-120925,-143563,91816,87637
1516.0,-121020,-143470,91814,87617
1518.0,-120908,-143379,91821,87614
1520.0,-120759,-143335,91818,87615
1522.0,-120812,-143401,91841,87655
1524.0,-121038,-143505,91874,87698
1526.0,-121187,-143536,91866,87689
1528.0,-121119,-143529,91860,87680
1530.0,-120953,-143563,91894,87701
1532.0,-120918,-143631,91900,87675
1534.0,-121079,-143693,91849,87598
1536.0,-121237,-143716,91809,87566
1538.0,-121180,-143662,91800,87569
1540.0,-121006,-143565,91788,87545
1542.0,-120973,-143517,91792,87538
1544.0,-121120,-143546,91831,87588
1546.0,-121271,-143614,91856,87618
1548.0,-121311,-143658,91829,87579
1550.0,-121248,-143601,91780,87524
1552.0,-121166,-143488,91747,87492
1554.0,-121202,-143519,91758,87490
1556.0,-121360,-143709,91809,87528
1558.0,-121411,-143755,91832,87556
1560.0,-121224,-143536,91772,87507
1561.98,-121031,-143374,91702,87448
1563.95,-121082,-143505,91722,87487
1565.93,-121270,-143707,91792,87571
1567.9,-121338,-143752,91805,87571
1569.9,-121258,-143757,91761,87509
1571.9,-121196,-143830,91738,87489
1573.9,-121242,-143843,91741,87500
1575.9,-121326,-143758,91724,87475
1577.9,-121348,-143724,91694,87445
1579.9,-121297,-143763,91698,87479
1581.9,-121254,-143764,91725,87528
1583.9,-121292,-143743,91724,87513
1585.9,-121397,-143757,91690,87464
1587.9,-121472,-143752,91671,87463
1589.9,-121423,-143742,91686,87507
1591.9,-121281,-143828,91698,87514
1593.9,-121209,-143929,91660,87447
1595.9,-121306,-143897,91596,87367
1597.9,-121450,-143816,91583,87359
1599.9,-121441,-143800,91643,87419
1601.9,-121275,-143750,91699,87468
1603.9,-121136,-143626,91694,87463
1605.9,-121151,-143584,91664,87432
1607.9,-121277,-143659,91651,87411
1609.9,-121377,-143701,91642,87406
1611.9,-121341,-143694,91626,87413
1613.9,-121197,-143750,91634,87426
1615.9,-121102,-143858,91674,87441
1617.9,-121161,-143908,91689,87447
1619.9,-121282,-143898,91653,87433
1621.9,-121298,-143917,91614,87416
1623.9,-121199,-143940,91608,87409
1625.9,-121142,-143860,91593,87384
1627.9,-121241,-143759,91554,87331
1629.9,-121388,-143819,91553,87317
1631.9,-121383,-143943,91612,87377
1633.9,-121238,-143908,91653,87433
1635.9,-121192,-143852,91633,87415
1637.9,-121336,-144035,91610,87382
1639.9,-121473,-144265,91636,87407
1641.88,-121423,-144223,91677,87455
1643.85,-121241,-144054,91685,87463
1645.83,-121124,-144062,91662,87440
1647.8,-121220,-144190,91629,87402
1649.8,-121438,-144218,91580,87332
1651.8,-121505,-144148,91518,87255
1653.8,-121383,-144117,91486,87243
1655.8,-121319,-144145,91506,87299
1657.8,-121326,-144138,91545,87353
1659.8,-121243,-144116,91564,87376
1661.8,-121246,-144196,91547,87371
1663.8,-121504,-144310,91492,87331
1665.8,-121642,-144292,91446,87294
1667.8,-121426,-144238,91458,87317
1669.8,-121284,-144317,91476,87336
1671.8,-121445,-144380,91427,87272
1673.8,-121526,-144286,91374,87220
1675.8,-121393,-144230,91402,87271
1677.8,-121345,-144320,91442,87330
1679.8,-121400,-144344,91432,87323
1681.8,-121369,-144244,91426,87328
1683.8,-121366,-144207,91441,87361
1685.8,-121504,-144259,91413,87335
1687.8,-121569,-144293,91368,87283
1689.8,-121468,-144335,91376,87293
1691.8,-121431,-144421,91400,87319
1693.8,-121547,-144470,91384,87293
1695.8,-121609,-144457,91359,87264
1697.8,-121506,-144431,91342,87259
1699.8,-121387,-144398,91312,87236
1701.8,-121410,-144388,91299,87208
1703.8,-121556,-144484,91338,87225
1705.8,-121685,-144632,91380,87259
1707.8,-121679,-144658,91375,87266
1709.8,-121559,-144539,91354,87257
1711.8,-121457,-144419,91362,87252
1713.8,-121458,-144369,91405,87267
1715.8,-121503,-144315,91482,87329
1717.8,-121497,-144181,91588,87433
1719.8,-121428,-143965,91703,87530
1721.78,-121359,-143748,91807,87605
1723.75,-121376,-143643,91888,87673
1725.73,-121487,-143676,91934,87709
1727.7,-121570,-143722,91923,87672
1729.7,-121516,-143692,91868,87596
1731.7,-121407,-143675,91841,87581
1733.7,-121389,-143750,91882,87652
1735.7,-121473,-143800,91918,87711
1737.7,-121554,-143718,91884,87693
1739.7,-121514,-143605,91859,87676
1741.7,-121328,-143533,91912,87726
1743.7,-121183,-143395,91978,87794
1745.7,-121276,-143198,92036,87872
1747.7,-121462,-143115,92154,88010
1749.7,-121443,-143118,92268,88122
1751.7,-121247,-142998,92239,88082
1753.7,-121130,-142779,92134,87989
1755.7,-121157,-142663,92115,87994
1757.7,-121218,-142706,92153,88043
1759.7,-121237,-142858,92161,88055
1761.7,-121157,-143092,92183,88102
1763.7,-121007,-143279,92232,88176
1765.7,-120968,-143264,92216,88144
1767.7,-121122,-143127,92142,88031
1769.7,-121272,-143078,92107,87989
1771.7,-121241,-143128,92108,88006
1773.7,-121132,-143167,92079,87985
1775.7,-121157,-143238,92047,87958
1777.7,-121359,-143453,92058,87977
1779.7,-121566,-143724,92055,87973
1781.7,-121577,-143883,91975,87885
1783.7,-121432,-143989,91848,87758
1785.7,-121375,-144201,91716,87624
1787.7,-121504,-144431,91563,87450
1789.7,-121646,-144528,91413,87271
1791.7,-121646,-144606,91353,87207
1793.7,-121541,-144769,91378,87258
1795.7,-121438,-144849,91358,87266
1797.7,-121440,-144787,91259,87181
1799.6,-121581,-144813,91198,87128
1801.6,-121702,-144979,91205,87147
1803.6,-121626,-145062,91181,87135
1805.6,-121496,-145047,91122,87079
1807.6,-121590,-145129,91114,87062
1809.6,-121863,-145266,91139,87068
1811.6,-122019,-145269,91128,87051
1813.6,-121949,-145151,91099,87053
1815.6,-121788,-145041,91089,87091
1817.6,-121681,-144978,91098,87127
1819.6,-121690,-144987,91151,87175
1821.6,-121750,-145047,91229,87241
1823.6,-121712,-145005,91230,87226
1825.6,-121580,-144832,91147,87127
1827.6,-121539,-144795,91125,87105
1829.6,-121635,-145020,91216,87201
1831.6,-121711,-145196,91283,87253
1833.6,-121687,-145062,91253,87201
1835.6,-121644,-144823,91242,87175
1837.6,-121649,-144741,91317,87215
1839.6,-121736,-144756,91395,87215
1841.6,-121902,-144775,91445,87166
1843.6,-122003,-144866,91578,87191
1845.6,-121903,-144983,91838,87315
1847.6,-121709,-144941,92128,87465
1849.6,-121593,-144782,92387,87648
1851.6,-121508,-144736,92629,87920
1853.6,-121264,-144774,92844,88294
1855.6,-120750,-144578,93062,88840
1857.6,-120045,-144005,93322,89615
1859.6,-119422,-143273,93476,90405
1861.6,-119097,-142630,93333,90946
1863.6,-118936,-142055,92996,91361
1865.6,-118704,-141407,92627,91847
1867.6,-118501,-140757,92068,92171
1869.6,-118611,-140449,91191,92028
1871.6,-119097,-140769,90216,91442
1873.6,-119781,-141627,89261,90402
1875.6,-120431,-142666,88145,88794
1877.6,-120933,-143638,86952,86979
1879.5,-121434,-144460,86098,85613
1881.5,-122064,-145010,85717,84846
1883.5,-122526,-145246,85642,84424
1885.5,-122470,-145379,85873,84313
1887.5,-122123,-145565,86437,84537
1889.5,-121951,-145673,87116,84869
1891.5,-121984,-145641,87766,85173
1893.5,-121992,-145619,88480,85572
1895.5,-121906,-145619,89210,86042
1897.5,-121756,-145539,89739,86378
1899.5,-121593,-145477,90064,86559
1901.5,-121554,-145526,90340,86717
1903.5,-121649,-145569,90582,86863
1905.5,-121707,-145571,90731,86949
1907.5,-121679,-145624,90823,86998
1909.5,-121678,-145627,90882,87012
1911.5,-121709,-145465,90875,86968
1913.5,-121722,-145318,90847,86928
1915.5,-121746,-145346,90871,86955
1917.5,-121743,-145406,90925,87005
1919.5,-121626,-145354,90960,87023
1921.5,-121524,-145248,90989,87032
1923.5,-121629,-145195,91027,87046
1925.5,-121820,-145269,91049,87046
1927.5,-121830,-145450,91057,87043
1929.5,-121668,-145544,91060,87044
1931.5,-121571,-145447,91037,87022
1933.5,-121661,-145397,91010,87009
1935.5,-121836,-145551,91034,87072
1937.5,-121888,-145611,91086,87159
1939.5,-121733,-145361,91106,87175
1941.5,-121561,-145155,91121,87169
1943.5,-121608,-145328,91184,87231
1945.5,-121796,-145589,91236,87291
1947.5,-121852,-145565,91209,87256
1949.5,-121710,-145399,91156,87198
1951.48,-121536,-145337,91133,87190
1953.45,-121471,-145274,91113,87175
1955.43,-121516,-145120,91091,87136
1957.4,-121572,-145037,91122,87162
1959.4,-121516,-145104,91196,87264
1961.4,-121389,-145202,91242,87340
1963.4,-121383,-145247,91224,87323
1965.4,-121542,-145217,91160,87243
1967.4,-121670,-145127,91101,87170
1969.4,-121627,-145097,91123,87178
1971.4,-121489,-145180,91215,87264
1973.4,-121404,-145236,91265,87330
1975.4,-121444,-145202,91228,87320
1977.4,-121556,-145183,91189,87287
1979.4,-121579,-145169,91195,87278
1981.4,-121444,-145056,91199,87276
1983.4,-121328,-144924,91185,87268
1985.4,-121426,-144940,91192,87260
1987.4,-121664,-145083,91214,87246
1989.4,-121802,-145210,91224,87236
1991.4,-121729,-145231,91238,87259
1993.4,-121550,-145138,91272,87302
1995.4,-121456,-145021,91280,87318
1997.4,-121518,-144995,91244,87298
1999.4,-121596,-145053,91224,87301
2001.4,-121541,-145102,91257,87351
2003.4,-121422,-145103,91295,87399
2005.4,-121409,-145076,91307,87408
2007.4,-121525,-145072,91322,87409
2009.4,-121633,-145136,91341,87420
2011.4,-121600,-145213,91328,87409
2013.4,-121456,-145205,91308,87392
2015.4,-121403,-145147,91319,87414
2017.4,-121550,-145148,91334,87460
2019.4,-121684,-145187,91338,87498
2021.4,-121573,-145148,91354,87525
2023.4,-121357,-144995,91351,87521
2025.4,-121317,-144853,91305,87477
2027.4,-121452,-144915,91295,87463
2029.4,-121582,-145145,91346,87502
2031.38,-121598,-145183,91336,87493
2033.35,-121470,-144865,91249,87422
2035.33,-121293,-144622,91240,87429
2037.3,-121274,-144835,91347,87554
2039.3,-121442,-145197,91431,87663
2041.3,-121558,-145265,91445,87693
2043.3,-121494,-145153,91460,87701
2045.3,-121375,-145130,91480,87712
2047.3,-121302,-145117,91481,87710
2049.3,-121261,-145006,91503,87714
2051.3,-121258,-144908,91546,87738
2053.3,-121257,-144828,91550,87760
2055.3,-121173,-144663,91527,87780
2057.3,-121063,-144504,91538,87810
2059.3,-121072,-144470,91572,87840
2061.3,-121162,-144475,91596,87874
2063.3,-121156,-144505,91644,87943
2065.3,-121025,-144667,91722,88029
2067.3,-120929,-144810,91734,88044
2069.3,-121004,-144709,91639,87958
2071.3,-121191,-144549,91546,87872
2073.3,-121269,-144599,91554,87887
2075.3,-121109,-144670,91606,87959
2077.3,-120895,-144544,91612,87990
2079.3,-120904,-144433,91600,87983
2081.3,-121105,-144488,91611,87990
2083.3,-121207,-144477,91601,87995
2085.3,-121090,-144333,91546,87976
2087.3,-120953,-144331,91511,87963
2089.3,-120988,-144518,91519,87963
2091.3,-121130,-144642,91517,87946
2093.3,-121191,-144639,91494,87933
2095.3,-121119,-144629,91491,87959
2097.3,-121019,-144561,91492,87990
2099.3,-120982,-144390,91460,87980
2101.3,-121006,-144316,91423,87961
2103.3,-121064,-144448,91433,87978
2105.3,-121109,-144595,91479,88020
2107.3,-121094,-144620,91519,88060
2109.3,-121077,-144602,91535,88096
2111.28,-121168,-144557,91519,88119
2113.25,-121316,-144440,91482,88111
2115.23,-121340,-144393,91472,88094
2117.2,-121208,-144522,91527,88118
2119.2,-121077,-144594,91593,88164
2121.2,-121090,-144435,91588,88154
2123.2,-121257,-144312,91543,88096
2125.2,-121453,-144455,91564,88099
2127.2,-121489,-144597,91635,88170
2129.2,-121339,-144501,91636,88176
2131.2,-121238,-144440,91579,88099
2133.2,-121375,-144653,91577,88072
2135.2,-121595,-144854,91612,88116
2137.2,-121628,-144773,91601,88125
2139.2,-121484,-144617,91585,88104
2141.2,-121393,-144604,91615,88114
2143.2,-121494,-144620,91615,88109
2145.2,-121707,-144591,91566,88059
2147.2,-121830,-144640,91577,88047
2149.2,-121729,-144747,91648,88085
2151.2,-121560,-144758,91685,88101
2153.2,-121616,-144706,91689,88104
2155.2,-121834,-144683,91694,88118
2157.2,-121856,-144642,91661,88095
2159.2,-121687,-144595,91632,88075
2161.2,-121648,-144638,91693,88145
2163.2,-121708,-144663,91767,88221
2165.2,-121647,-144526,91742,88182
2167.2,-121649,-144394,91677,88098
2169.2,-121879,-144452,91651,88060
2171.2,-122003,-144598,91639,88046
2173.2,-121850,-144711,91646,88061
2175.2,-121795,-144762,91665,88103
2177.2,-121979,-144657,91611,88068
2179.2,-122070,-144504,91527,87988
2181.2,-121983,-144643,91575,88042
2183.2,-121938,-144974,91694,88174
2185.2,-121937,-144972,91676,88164
2187.2,-121906,-144648,91561,88039
2189.2,-121979,-144541,91524,87985
2191.18,-122148,-144717,91545,87998
2193.15,-122134,-144791,91532,87987
2195.13,-121912,-144730,91514,87971
2197.1,-121819,-144746,91517,87970
2199.1,-121985,-144784,91505,87968
2201.1,-122130,-144742,91480,87976
2203.1,-122059,-144743,91463,87986
2205.1,-121953,-144853,91453,87982
2207.1,-122016,-144984,91481,88008
2209.1,-122167,-145118,91538,88067
2211.1,-122204,-145226,91522,88049
2213.1,-122093,-145161,91405,87932
2215.1,-121958,-144952,91321,87857
2217.1,-121929,-144856,91357,87899
2219.1,-122034,-144917,91417,87959
2221.1,-122167,-144897,91392,87942
2223.1,-122202,-144769,91322,87889
2225.1,-122136,-144777,91296,87875
2227.1,-122077,-144937,91293,87891
2229.1,-122107,-145010,91255,87889
2231.1,-122215,-144976,91212,87872
2233.1,-122308,-145034,91217,87867
2235.1,-122275,-145167,91224,87857
2237.1,-122140,-145184,91177,87822
2239.1,-122085,-145102,91125,87790
2241.1,-122189,-145086,91125,87787
2243.1,-122309,-145134,91139,87795
2245.1,-122295,-145120,91108,87785
2247.1,-122196,-145011,91047,87760
2249.1,-122155,-144911,91013,87742
2251.1,-122247,-144929,91018,87744
2253.1,-122401,-145040,91042,87770
2255.1,-122436,-145098,91064,87802
2257.1,-122272,-145036,91077,87816
2259.1,-122100,-144957,91072,87804
2261.1,-122122,-144962,91057,87797
2263.1,-122236,-145025,91060,87826
2265.1,-122229,-145087,91080,87855
2267.1,-122128,-145105,91066,87829
2269.1,-122109,-145049,91005,87765
2271.08,-122212,-145004,90946,87718
2273.05,-122367,-145085,90920,87689
2275.03,-122470,-145201,90905,87657
2277.0,-122408,-145176,90904,87660
2279.0,-122225,-145089,90936,87724
2281.0,-122170,-145114,90972,87789
2283.0,-122324,-145150,90958,87793
2285.0,-122444,-145022,90909,87759
2287.0,-122374,-144878,90879,87732
2289.0,-122275,-144944,90875,87714
2291.0,-122295,-145112,90873,87700
2293.0,-122381,-145175,90879,87714
2295.0,-122467,-145177,90900,87749
2297.0,-122515,-145196,90890,87739
2299.0,-122458,-145114,90820,87669
2301.0,-122356,-144915,90753,87623
2303.0,-122383,-144828,90753,87650
2305.0,-122524,-144950,90779,87680
2307.0,-122581,-145098,90771,87665
2309.0,-122500,-145138,90765,87667
2311.0,-122414,-145138,90799,87711
2313.0,-122456,-145179,90819,87718
2315.0,-122634,-145254,90796,87672
2317.0,-122774,-145321,90796,87669
2319.0,-122658,-145335,90856,87749
2321.0,-122383,-145295,90930,87840
2323.0,-122322,-145209,90994,87907
2325.0,-122581,-145044,91066,87977
2327.0,-122814,-144829,91127,88034
2329.0,-122741,-144695,91142,88035
2331.0,-122510,-144669,91112,87987
2333.0,-122437,-144669,91066,87930
2335.0,-122592,-144721,91048,87907
2337.0,-122758,-144850,91087,87947
2339.0,-122757,-144861,91131,88004
2341.0,-122662,-144639,91109,88001
2343.0,-122621,-144465,91081,87973
2345.0,-122626,-144605,91144,88031
2347.0,-122610,-144835,91242,88158
2349.0,-122581,-144786,91268,88238
2350.98,-122541,-144515,91270,88271
2352.95,-122489,-144355,91341,88340
2354.93,-122502,-144328,91412,88417
2356.9,-122606,-144156,91381,88417
2358.9,-122646,-143839,91313,88380
2360.9,-122514,-143722,91318,88409
2362.9,-122349,-143895,91365,88489
2364.9,-122332,-144056,91368,88535
2366.9,-122449,-144065,91345,88547
2368.9,-122553,-144091,91344,88565
2370.9,-122513,-144162,91344,88563
2372.9,-122329,-144120,91331,88523
2374.9,-122182,-143994,91326,88491
2376.9,-122239,-143948,91307,88472
2378.9,-122402,-144004,91248,88430
2380.9,-122457,-144088,91205,88400
2382.9,-122412,-144191,91204,88411
2384.9,-122459,-144355,91163,88378
2386.9,-122662,-144621,91051,88257
2388.9,-122858,-144935,90948,88146
2390.9,-122843,-145120,90862,88079
2392.9,-122631,-145133,90739,87971
2394.9,-122506,-145194,90614,87827
2396.9,-122665,-145383,90525,87723
2398.9,-122886,-145463,90431,87644
2400.9,-122834,-145356,90339,87572
2402.9,-122592,-145299,90315,87559
2404.9,-122519,-145390,90316,87579
2406.9,-122713,-145500,90269,87549
2408.9,-122967,-145619,90229,87504
2410.9,-123080,-145764,90223,87490
2412.9,-122999,-145764,90162,87438
2414.9,-122821,-145593,90055,87332
2416.9,-122740,-145539,90030,87291
2418.9,-122829,-145677,90080,87356
2420.9,-122939,-145710,90088,87424
2422.9,-122947,-145564,90056,87443
2424.9,-122903,-145493,90065,87462
2426.9,-122880,-145556,90082,87484
2428.9,-122906,-145610,90028,87448
2430.88,-122984,-145685,89942,87366
2432.85,-123031,-145799,89909,87327
2434.83,-122962,-145772,89911,87355
2436.8,-122886,-145606,89903,87391
2438.8,-122982,-145562,89912,87418
2440.8,-123204,-145674,89966,87464
2442.8,-123345,-145733,90025,87503
2444.8,-123322,-145701,90065,87478
2446.8,-123244,-145685,90118,87413
2448.8,-123260,-145730,90228,87389
2450.8,-123381,-145846,90445,87471
2452.8,-123427,-145936,90783,87673
2454.8,-123218,-145830,91152,87956
2456.8,-122812,-145613,91443,88289
2458.8,-122419,-145476,91693,88732
2460.8,-122101,-145247,91991,89370
2462.8,-121712,-144684,92283,90146
2464.8,-121115,-143975,92412,90856
2466.8,-120427,-143320,92307,91377
2468.8,-119983,-142577,92022,91787
2470.8,-119949,-141745,91592,92171
2472.8,-120078,-141107,90981,92422
2474.8,-120115,-140806,90174,92345
2476.8,-120262,-140952,89247,91803
2478.8,-120833,-141833,88269,90727
2480.8,-121686,-143341,87220,89172
2482.8,-122434,-144717,86127,87472
2484.8,-122963,-145414,85212,86089
2486.8,-123356,-145636,84743,85264
2488.8,-123597,-145785,84752,84926
2490.8,-123671,-145969,85055,84899
2492.8,-123669,-146175,85504,85057
2494.8,-123602,-146368,86074,85313
2496.8,-123388,-146376,86734,85625
2498.8,-123109,-146116,87411,85991
2500.8,-122990,-145851,88048,86398
2502.8,-123067,-145837,88584,86760
2504.8,-123130,-145949,88966,87005
2506.8,-123028,-145972,89229,87164
2508.8,-122861,-145928,89411,87266
2510.78,-122825,-145856,89477,87265
2512.75,-122969,-145726,89473,87208
2514.73,-123141,-145658,89549,87243
2516.7,-123153,-145750,89697,87373
2518.7,-122999,-145820,89757,87461
2520.7,-122889,-145740,89735,87485
2522.7,-122994,-145693,89760,87520
2524.7,-123179,-145781,89815,87556
2526.7,-123172,-145843,89818,87556
2528.7,-122982,-145785,89800,87543
2530.7,-122906,-145717,89810,87526
2532.7,-123075,-145751,89833,87508
2534.7,-123253,-145866,89852,87518
2536.7,-123196,-145888,89846,87528
2538.7,-122983,-145697,89799,87496
2540.7,-122871,-145482,89757,87476
2542.7,-122967,-145470,89768,87513
2544.7,-123137,-145540,89787,87540
2546.7,-123200,-145502,89780,87525
2548.7,-123121,-145470,89780,87523
2550.7,-123023,-145575,89804,87542
2552.7,-123034,-145734,89822,87550
2554.7,-123146,-145875,89828,87570
2556.7,-123233,-145948,89827,87598
2558.7,-123189,-145822,89811,87595
2560.7,-123064,-145543,89787,87576
2562.7,-122992,-145377,89772,87591
2564.7,-123007,-145413,89780,87629
2566.7,-123023,-145526,89825,87666
2568.7,-122995,-145668,89878,87697
2570.7,-122970,-145816,89870,87690
2572.7,-122990,-145857,89792,87625
2574.7,-123060,-145813,89730,87557
2576.7,-123154,-145836,89740,87559
2578.7,-123184,-145871,89774,87609
2580.7,-123066,-145744,89773,87638
2582.7,-122892,-145556,89772,87651
2584.7,-122870,-145527,89822,87704
2586.7,-123014,-145596,89881,87779
2588.7,-123079,-145561,89888,87805
2590.68,-122920,-145455,89875,87786
2592.65,-122724,-145414,89890,87775
2594.63,-122730,-145401,89896,87767
2596.6,-122893,-145363,89880,87758
2598.6,-122979,-145356,89899,87798
2600.6,-122900,-145378,89946,87874
2602.6,-122772,-145358,89955,87905
2604.6,-122734,-145320,89941,87891
2606.6,-122815,-145296,89955,87891
2608.6,-122924,-145246,89977,87911
2610.6,-122929,-145209,89989,87936
2612.6,-122804,-145235,89993,87945
2614.6,-122693,-145212,89951,87893
2616.6,-122731,-145127,89887,87821
2618.6,-122851,-145180,89912,87859
2620.6,-122889,-145331,90009,87977
2622.6,-122802,-145295,90041,88012
2624.6,-122703,-145147,90015,87981
2626.6,-122705,-145222,90035,88008
2628.6,-122806,-145422,90061,88049
2630.6,-122887,-145391,90023,88011
2632.6,-122845,-145210,89976,87955
2634.6,-122711,-145188,89968,87945
2636.6,-122631,-145257,89968,87952
2638.6,-122697,-145187,89991,87980
2640.6,-122818,-145058,90041,88042
2642.6,-122808,-145003,90048,88079
2644.6,-122642,-144927,90013,88075
2646.6,-122532,-144849,90035,88107
2648.6,-122637,-144972,90112,88182
2650.6,-122829,-145176,90131,88205
2652.6,-122856,-145095,90074,88146
2654.6,-122650,-144838,90036,88096
2656.6,-122420,-144856,90076,88147
2658.6,-122428,-145086,90148,88270
2660.6,-122620,-145066,90175,88349
2662.6,-122669,-144812,90156,88352
2664.6,-122526,-144720,90157,88357
2666.6,-122504,-144794,90168,88371
2668.6,-122621,-144740,90116,88318
2670.58,-122582,-144607,90043,88251
2672.55,-122443,-144652,90064,88288
2674.53,-122462,-144816,90153,88386
2676.5,-122487,-144878,90195,88432
2678.5,-122341,-144850,90180,88438
2680.5,-122283,-144846,90160,88447
2682.5,-122420,-144838,90137,88441
2684.5,-122456,-144798,90123,88440
2686.5,-122361,-144794,90138,88480
2688.5,-122386,-144847,90154,88508
2690.5,-122450,-144913,90141,88479
2692.5,-122376,-144953,90130,88458
2694.5,-122352,-144897,90131,88481
2696.5,-122471,-144706,90128,88505
2698.5,-122429,-144505,90130,88521
2700.5,-122162,-144448,90147,88552
2702.5,-122057,-144509,90142,88567
2704.5,-122250,-144596,90114,88552
2706.5,-122411,-144670,90107,88551
2708.5,-122342,-144668,90105,88561
2710.5,-122221,-144563,90068,88540
2712.5,-122224,-144484,90050,88528
2714.5,-122303,-144498,90106,88573
2716.5,-122326,-144472,90146,88597
2718.5,-122239,-144368,90103,88551
2720.5,-122117,-144336,90097,88556
2722.5,-122103,-144381,90214,88672
2724.5,-122228,-144361,90321,88754
2726.5,-122365,-144316,90305,88702
2728.5,-122398,-144363,90253,88620
2730.5,-122340,-144414,90247,88586
2732.5,-122304,-144382,90246,88557
2734.5,-122387,-144383,90251,88539
2736.5,-122534,-144443,90298,88569
2738.5,-122563,-144414,90338,88593
2740.5,-122448,-144321,90334,88574
2742.5,-122386,-144361,90343,88569
2744.5,-122497,-144526,90379,88589
2746.5,-122681,-144650,90392,88590
2748.4,-122807,-144682,90395,88587
2750.4,-122805,-144644,90409,88590
2752.4,-122682,-144572,90394,88552
2754.4,-122608,-144587,90354,88494
2756.4,-122742,-144721,90344,88483
2758.4,-122910,-144775,90355,88496
2760.4,-122862,-144655,90361,88492
2762.4,-122731,-144556,90385,88505
2764.4,-122781,-144568,90399,88524
2766.4,-122935,-144582,90373,88508
2768.4,-122985,-144604,90379,88508
2770.4,-122931,-144668,90443,88554
2772.4,-122853,-144609,90442,88552
2774.4,-122803,-144447,90364,88493
2776.4,-122874,-144542,90359,88495
2778.4,-123052,-144927,90442,88563
2780.4,-123134,-145111,90466,88588
2782.4,-123023,-144899,90412,88564
2784.4,-122884,-144679,90393,88563
2786.4,-122876,-144676,90407,88559
2788.4,-122973,-144701,90379,88505
2790.4,-123051,-144715,90347,88455
2792.4,-123005,-144829,90385,88479
2794.4,-122875,-144830,90412,88510
2796.4,-122841,-144512,90318,88449
2798.4,-122952,-144254,90210,88373
2800.4,-123031,-144475,90271,88440
2802.4,-122972,-144894,90421,88601
2804.4,-122891,-145031,90448,88652
2806.4,-122893,-144970,90371,88577
2808.4,-122956,-144996,90340,88525
2810.4,-123030,-145040,90343,88515
2812.4,-123049,-144950,90308,88478
2814.4,-122963,-144842,90281,88446
2816.4,-122875,-144840,90286,88453
2818.4,-122934,-144887,90262,88450
2820.4,-123092,-144925,90232,88445
2822.4,-123161,-144961,90258,88484
2824.4,-123047,-144938,90283,88516
2826.4,-122844,-144815,90264,88497
2828.3,-122759,-144707,90256,88485
2830.3,-122899,-144735,90257,88490
2832.3,-123071,-144827,90220,88459
2834.3,-122997,-144858,90199,88431
2836.3,-122760,-144822,90227,88457
2838.3,-122709,-144776,90218,88475
2840.3,-122908,-144768,90166,88450
2842.3,-123056,-144838,90165,88439
2844.3,-122969,-144939,90192,88440
2846.3,-122814,-144962,90157,88409
2848.3,-122818,-144941,90104,88375
2850.3,-122980,-144996,90099,88360
2852.3,-123118,-145074,90098,88342
2854.3,-123091,-145039,90074,88337
2856.3,-122951,-144919,90052,88356
2858.3,-122879,-144829,90015,88334
2860.3,-122974,-144786,89964,88284
2862.3,-123105,-144782,89958,88296
2864.3,-123076,-144845,89985,88333
2866.3,-122917,-144936,89972,88295
2868.3,-122842,-144978,89926,88223
2870.3,-122925,-144990,89901,88196
2872.3,-123023,-145026,89898,88194
2874.3,-123032,-145058,89903,88204
2876.3,-122984,-145027,89924,88256
2878.3,-122923,-144960,89929,88288
2880.3,-122889,-144922,89871,88222
2882.3,-122956,-144935,89790,88132
2884.3,-123082,-144980,89770,88132
2886.3,-123104,-144996,89796,88170
2888.3,-122999,-144929,89779,88137
2890.3,-122955,-144879,89733,88082
2892.3,-123061,-144999,89767,88128
2894.3,-123162,-145137,89854,88222
2896.3,-123111,-144971,89863,88224
2898.3,-122962,-144597,89830,88185
2900.28,-122877,-144443,89919,88263
2902.25,-122962,-144544,90098,88425
2904.23,-123132,-144558,90194,88514
2906.2,-123157,-144461,90202,88523
2908.2,-122983,-144528,90220,88526
2910.2,-122880,-144697,90220,88500
2912.2,-123039,-144641,90137,88408
2914.2,-123231,-144405,90051,88338
2916.2,-123164,-144374,90088,88389
2918.2,-122934,-144636,90231,88532
2920.2,-122821,-144857,90342,88650
2922.2,-122892,-144804,90345,88677
2924.2,-123025,-144613,90315,88666
2926.2,-123105,-144449,90346,88704
2928.2,-123055,-144251,90414,88775
2930.2,-122897,-143950,90446,88805
2932.2,-122800,-143684,90452,88803
2934.2,-122872,-143615,90468,88823
2936.2,-122966,-143699,90483,88866
2938.2,-122883,-143758,90503,88928
2940.2,-122655,-143698,90553,89017
2942.2,-122472,-143586,90587,89081
2944.2,-122458,-143565,90541,89041
2946.2,-122569,-143682,90461,88940
2948.2,-122650,-143817,90433,88882
2950.2,-122596,-143835,90441,88875
2952.2,-122520,-143793,90422,88852
2954.2,-122610,-143860,90389,88808
2956.2,-122830,-144019,90377,88790
2958.2,-122945,-144096,90366,88796
2960.2,-122872,-144048,90309,88760
2962.2,-122788,-144044,90199,88648
2964.2,-122885,-144234,90066,88511
2966.2,-123124,-144589,89937,88394
2968.2,-123257,-144939,89820,88278
2970.2,-123116,-145123,89728,88156
2972.2,-122879,-145162,89663,88067
2974.2,-122858,-145222,89595,88008
2976.2,-123028,-145334,89496,87934
2978.2,-123076,-145359,89386,87850
2980.18,-122922,-145289,89309,87798
2982.15,-122812,-145287,89279,87780
2984.13,-122900,-145392,89282,87771
2986.1,-123090,-145447,89268,87740
2988.1,-123232,-145391,89196,87667
2990.1,-123240,-145370,89116,87593
2992.1,-123115,-145487,89101,87572
2994.1,-123002,-145619,89114,87576
2996.1,-123042,-145613,89096,87578
2998.1,-123149,-145511,89088,87617
3000.1,-123138,-145431,89111,87667
3002.1,-123005,-145352,89107,87655
3004.1,-122915,-145266,89086,87629
3006.1,-122959,-145312,89109,87671
3008.1,-123074,-145510,89122,87692
3010.1,-123118,-145612,89057,87598
3012.1,-123008,-145504,88985,87494
3014.1,-122844,-145406,89002,87503
3016.1,-122842,-145442,89085,87599
3018.1,-123072,-145448,89168,87689
3020.1,-123338,-145388,89211,87699
3022.1,-123411,-145447,89215,87620
3024.1,-123310,-145608,89257,87551
3026.1,-123231,-145643,89419,87584
3028.1,-123249,-145558,89683,87701
3030.1,-123227,-145556,89999,87888
3032.1,-123016,-145616,90329,88179
3034.1,-122630,-145525,90599,88529
3036.1,-122191,-145212,90786,88903
3038.1,-121790,-144771,91005,89454
3040.1,-121401,-144288,91297,90255
3042.1,-120926,-143761,91471,91059
3044.1,-120376,-143097,91372,91644
3046.1,-119982,-142277,91080,92120
3048.1,-119945,-141501,90669,92587
3050.1,-120158,-140992,90039,92825
3052.1,-120396,-140840,89146,92569
3054.1,-120673,-141172,88125,91762
3056.1,-121174,-142082,87061,90436
3058.1,-121922,-143309,85916,88715
3060.08,-122738,-144398,84787,87004
3062.05,-123369,-145134,83974,85780
3064.03,-123617,-145499,83650,85156
3066.0,-123535,-145577,83712,84918
3068.0,-123419,-145688,84013,84910
3070.0,-123420,-146068,84503,85088
3072.0,-123381,-146413,85115,85355
3074.0,-123183,-146336,85750,85640
3076.0,-122944,-146043,86382,85992
3078.0,-122807,-145954,86984,86405
3080.0,-122793,-146019,87465,86741
3082.0,-122845,-145953,87792,86932
3084.0,-122861,-145784,88016,87041
3086.0,-122807,-145691,88162,87103
3088.0,-122798,-145683,88226,87111
3090.0,-122894,-145688,88250,87089
3092.0,-122975,-145691,88259,87054
3094.0,-122957,-145669,88245,87010
3096.0,-122868,-145616,88247,87008
3098.0,-122756,-145608,88302,87079
3100.0,-122727,-145689,88364,87161
3102.0,-122874,-145777,88379,87193
3104.0,-123024,-145776,88357,87181
3106.0,-122923,-145708,88319,87135
3108.0,-122681,-145664,88265,87063
3110.0,-122623,-145692,88209,86998
3112.0,-122801,-145761,88178,86976
3114.0,-122962,-145806,88187,87005
3116.0,-122905,-145764,88206,87053
3118.0,-122689,-145621,88185,87062
3120.0,-122567,-145475,88141,87033
3122.0,-122669,-145472,88132,87032
3124.0,-122782,-145610,88153,87062
3126.0,-122694,-145721,88156,87071
3128.0,-122559,-145699,88161,87068
3130.0,-122601,-145599,88181,87075
3132.0,-122720,-145523,88166,87053
3134.0,-122729,-145539,88141,87031
3136.0,-122645,-145590,88169,87079
3138.0,-122530,-145482,88186,87125
3139.98,-122413,-145188,88125,87084
3141.95,-122397,-145040,88100,87065
3143.93,-122529,-145239,88177,87151
3145.9,-122650,-145493,88209,87191
3147.9,-122625,-145520,88132,87096
3149.9,-122522,-145471,88087,87015
3151.9,-122442,-145514,88119,87039
3153.9,-122454,-145529,88102,87054
3155.9,-122586,-145438,88017,87004
3157.9,-122662,-145343,87993,86987
3159.9,-122460,-145271,88053,87041
3161.9,-122200,-145178,88081,87060
3163.9,-122298,-145119,88030,86992
3165.9,-122596,-145160,87989,86938
3167.9,-122605,-145285,88023,86980
3169.9,-122407,-145452,88068,87039
3171.9,-122388,-145540,88044,87009
3173.9,-122455,-145418,87970,86925
3175.9,-122371,-145221,87918,86889
3177.9,-122317,-145206,87922,86923
3179.9,-122399,-145310,87958,86979
3181.9,-122371,-145352,87981,87013
3183.9,-122240,-145436,87976,87004
3185.9,-122290,-145547,87952,86953
3187.9,-122438,-145353,87886,86866
3189.9,-122412,-144974,87782,86771
3191.9,-122320,-145015,87751,86751
3193.9,-122356,-145449,87849,86844
3195.9,-122380,-145609,87928,86936
3197.9,-122283,-145399,87883,86929
3199.9,-122245,-145292,87844,86906
3201.9,-122324,-145337,87899,86943
3203.9,-122307,-145273,87933,86962
3205.9,-122142,-145189,87896,86917
3207.9,-122088,-145251,87879,86889
3209.9,-122245,-145332,87892,86909
3211.9,-122337,-145306,87867,86912
3213.9,-122149,-145210,87820,86878
3215.9,-121883,-145096,87784,86844
3217.9,-121843,-145046,87749,86838
3219.88,-122012,-145084,87734,86867
3221.85,-122124,-145065,87753,86899
3223.83,-122041,-144963,87775,86907
3225.8,-121890,-144984,87804,86923
3227.8,-121872,-145121,87843,86955
3229.8,-121985,-145128,87826,86934
3231.8,-122031,-145020,87755,86872
3233.8,-121917,-144983,87730,86870
3235.8,-121778,-144953,87755,86918
3237.8,-121729,-144858,87759,86939
3239.8,-121702,-144844,87773,86956
3241.8,-121631,-144895,87822,86988
3243.8,-121544,-144816,87816,86965
3245.8,-121461,-144691,87744,86899
3247.8,-121404,-144691,87695,86866
3249.8,-121457,-144641,87648,86828
3251.8,-121608,-144422,87569,86765
3253.8,-121660,-144328,87572,86793
3255.8,-121507,-144486,87681,86921
3257.8,-121322,-144571,87732,86984
3259.8,-121311,-144488,87676,86950
3261.8,-121433,-144508,87623,86922
3263.8,-121507,-144597,87594,86905
3265.8,-121470,-144487,87548,86876
3267.8,-121402,-144334,87525,86877
3269.8,-121386,-144430,87518,86872
3271.8,-121418,-144570,87452,86797
3273.8,-121445,-144473,87371,86736
3275.8,-121415,-144316,87348,86754
3277.8,-121304,-144303,87338,86763
3279.8,-121171,-144347,87308,86734
3281.8,-121176,-144417,87308,86749
3283.8,-121349,-144526,87308,86763
3285.8,-121457,-144495,87235,86694
3287.8,-121330,-144317,87162,86637
3289.8,-121172,-144294,87184,86687
3291.8,-121248,-144454,87228,86742
3293.8,-121435,-144481,87189,86705
3295.8,-121445,-144319,87108,86636
3297.8,-121284,-144203,87071,86594
3299.78,-121189,-144204,87079,86566
3301.75,-121260,-144254,87104,86559
3303.73,-121418,-144355,87143,86588
3305.7,-121559,-144512,87168,86602
3307.7,-121601,-144620,87133,86552
3309.7,-121533,-144571,87065,86478
3311.7,-121466,-144413,87035,86440
3313.7,-121504,-144350,87038,86425
3315.7,-121587,-144449,87014,86388
3317.7,-121603,-144530,86980,86343
3319.7,-121545,-144531,86995,86333
3321.7,-121489,-144594,87037,86343
3323.7,-121513,-144702,87042,86331
3325.7,-121642,-144694,87006,86302
3327.7,-121747,-144612,86963,86272
3329.7,-121665,-144566,86927,86246
3331.7,-121512,-144509,86911,86239
3333.7,-121579,-144448,86917,86258
3335.7,-121842,-144500,86915,86272
3337.7,-121966,-144610,86889,86257
3339.7,-121839,-144613,86859,86226
3341.7,-121710,-144509,86829,86181
3343.7,-121780,-144439,86796,86131
3345.7,-121954,-144474,86786,86111
3347.7,-122009,-144547,86805,86127
3349.7,-121846,-144505,86799,86127
3351.7,-121601,-144322,86738,86084
3353.7,-121520,-144222,86669,86026
3355.7,-121672,-144363,86636,85982
3357.7,-121872,-144569,86621,85964
3359.7,-121907,-144607,86593,85966
3361.7,-121765,-144518,86558,85963
3363.7,-121620,-144469,86543,85945
3365.7,-121648,-144487,86543,85935
3367.7,-121797,-144506,86532,85943
3369.7,-121815,-144496,86494,85926
3371.7,-121650,-144455,86425,85848
3373.7,-121560,-144377,86337,85748
3375.7,-121663,-144304,86281,85706
3377.7,-121731,-144333,86289,85731
3379.68,-121628,-144472,86306,85744
3381.65,-121519,-144568,86269,85694
3383.63,-121539,-144522,86211,85640
3385.6,-121629,-144496,86190,85638
3387.6,-121725,-144650,86195,85658
3389.6,-121775,-144787,86182,85656
3391.6,-121694,-144625,86141,85639
3393.6,-121520,-144335,86097,85634
3395.6,-121443,-144298,86069,85635
3397.6,-121560,-144445,86026,85598
3399.6,-121742,-144416,85922,85486
3401.6,-121773,-144249,85809,85368
3403.6,-121594,-144254,85786,85351
3405.6,-121432,-144375,85822,85397
3407.6,-121536,-144365,85788,85369
3409.6,-121762,-144323,85689,85278
3411.6,-121748,-144426,85627,85233
3413.6,-121489,-144537,85614,85231
3415.6,-121344,-144568,85591,85206
3417.6,-121476,-144679,85561,85181
3419.6,-121679,-144831,85537,85175
3421.6,-121721,-144766,85497,85138
3423.6,-121593,-144562,85440,85065
3425.6,-121472,-144511,85395,85019
3427.6,-121520,-144562,85374,85025
3429.6,-121649,-144515,85375,85058
3431.6,-121635,-144458,85377,85081
3433.6,-121460,-144514,85348,85064
3435.6,-121324,-144543,85306,85020
3437.6,-121332,-144447,85276,84982
3439.6,-121434,-144356,85230,84926
3441.6,-121541,-144362,85162,84849
3443.6,-121530,-144379,85147,84822
3445.6,-121370,-144320,85182,84854
3447.6,-121261,-144186,85175,84851
3449.6,-121363,-144041,85140,84820
3451.6,-121513,-143980,85166,84855
3453.6,-121490,-144008,85220,84929
3455.6,-121344,-144025,85230,84951
3457.5,-121261,-144017,85249,84946
3459.5,-121326,-144078,85303,84958
3461.5,-121481,-144146,85303,84932
3463.5,-121537,-144045,85231,84853
3465.5,-121366,-143825,85190,84814
3467.5,-121154,-143714,85215,84851
3469.5,-121186,-143764,85249,84903
3471.5,-121397,-143842,85275,84947
3473.5,-121472,-143834,85315,85008
3475.5,-121310,-143647,85349,85061
3477.5,-121107,-143298,85369,85084
3479.5,-121071,-143068,85407,85124
3481.5,-121214,-143153,85439,85188
3483.5,-121338,-143285,85399,85186
3485.5,-121235,-143139,85322,85117
3487.5,-120976,-142885,85310,85114
3489.5,-120846,-142843,85325,85178
3491.5,-120945,-142950,85249,85152
3493.5,-121087,-142987,85133,85042
3495.5,-121086,-142949,85098,84997
3497.5,-120949,-142898,85087,84992
3499.5,-120817,-142819,85025,84927
3501.5,-120828,-142799,85006,84886
3503.5,-120950,-142944,85054,84919
3505.5,-120997,-143089,85016,84872
3507.5,-120932,-143040,84887,84726
3509.5,-120959,-143013,84843,84671
3511.5,-121174,-143315,84897,84721
3513.5,-121377,-143751,84876,84687
3515.5,-121373,-143887,84706,84506
3517.5,-121213,-143751,84454,84265
3519.5,-121060,-143746,84245,84067
3521.5,-121034,-144005,84187,83995
3523.5,-121147,-144297,84231,84021
3525.5,-121267,-144418,84195,83991
3527.5,-121213,-144369,84050,83868
3529.48,-121021,-144256,83936,83779
3531.45,-120937,-144223,83910,83775
3533.43,-121089,-144346,83901,83780
3535.4,-121287,-144500,83858,83739
3537.4,-121267,-144497,83765,83648
3539.4,-121048,-144387,83663,83545
3541.4,-120923,-144385,83639,83505
3543.4,-121038,-144486,83692,83539
3545.4,-121191,-144483,83714,83563
3547.4,-121161,-144356,83678,83548
3549.4,-121021,-144282,83653,83540
3551.4,-120951,-144279,83648,83535
3553.4,-120987,-144243,83625,83508
3555.4,-121059,-144239,83586,83468
3557.4,-121062,-144336,83546,83426
3559.4,-120925,-144383,83505,83377
3561.4,-120778,-144294,83471,83329
3563.4,-120836,-144259,83454,83279
3565.4,-121029,-144364,83455,83239
3567.4,-121074,-144399,83471,83245
3569.4,-120934,-144256,83485,83274
3571.4,-120826,-144125,83494,83247
3573.4,-120858,-144161,83524,83171
3575.4,-120982,-144270,83579,83121
3577.4,-121118,-144313,83666,83111
3579.4,-121136,-144276,83846,83130
3581.4,-120990,-144192,84117,83210
3583.4,-120840,-144113,84366,83378
3585.4,-120762,-144161,84587,83661
3587.4,-120552,-144309,84913,84118
3589.4,-120072,-144186,85322,84765
3591.4,-119461,-143473,85636,85523
3593.4,-118868,-142460,85819,86295
3595.4,-118364,-141734,85936,87010
3597.4,-118033,-141353,85916,87636
3599.4,-117863,-140845,85640,88166
3601.4,-117753,-140053,85093,88495
3603.4,-117821,-139471,84308,88383
3605.4,-118288,-139647,83303,87655
3607.4,-119045,-140593,82138,86339
3609.38,-119760,-141833,80908,84627
3611.35,-120326,-142844,79747,82891
3613.33,-120836,-143422,78843,81566
3615.3,-121290,-143702,78356,80830
3617.3,-121556,-143887,78332,80560
3619.3,-121514,-144033,78665,80586
3621.3,-121191,-144130,79107,80742
3623.3,-120830,-144222,79478,80874
3625.3,-120680,-144335,79894,81021
3627.3,-120707,-144397,80496,81324
3629.3,-120700,-144337,81108,81684
3631.3,-120575,-144192,81501,81885
3633.3,-120414,-144080,81765,81984
3635.3,-120325,-144073,82067,82160
3637.3,-120355,-144127,82334,82354
3639.3,-120424,-144158,82455,82410
3641.3,-120395,-144141,82495,82368
3643.3,-120283,-144078,82552,82358
3645.3,-120247,-143997,82635,82408
3647.3,-120345,-143977,82710,82466
3649.3,-120446,-144025,82747,82505
3651.3,-120406,-143990,82758,82536
3653.3,-120222,-143816,82773,82554
3655.3,-120037,-143716,82783,82529
3657.3,-120006,-143825,82775,82483
3659.3,-120112,-143940,82779,82469
3661.3,-120183,-143861,82782,82449
3663.3,-120097,-143719,82750,82375
3665.3,-119922,-143701,82741,82340
3667.3,-119844,-143754,82805,82405
3669.3,-119994,-143772,82857,82464
3671.3,-120259,-143798,82860,82466
3673.3,-120309,-143822,82889,82496
3675.3,-120029,-143714,82921,82530
3677.3,-119775,-143527,82872,82471
3679.3,-119875,-143496,82814,82396
3681.3,-120096,-143631,82843,82406
3683.3,-120060,-143683,82897,82427
3685.3,-119899,-143570,82909,82399
3687.3,-119910,-143467,82912,82388
3689.28,-119947,-143488,82918,82404
3691.25,-119816,-143575,82927,82406
3693.23,-119740,-143627,82967,82419
3695.2,-119831,-143538,82997,82437
3697.2,-119798,-143290,82944,82393
3699.2,-119634,-143078,82867,82313
3701.2,-119695,-143091,82874,82294
3703.2,-119903,-143217,82926,82308
3705.2,-119851,-143238,82921,82274
3707.2,-119611,-143194,82887,82228
3709.2,-119539,-143255,82914,82251
3711.2,-119591,-143357,82965,82288
3713.2,-119584,-143324,82936,82228
3715.2,-119616,-143218,82868,82128
3717.2,-119722,-143192,82885,82126
3719.2,-119688,-143139,82942,82171
3721.2,-119490,-142964,82918,82128
3723.2,-119397,-142930,82901,82085
3725.2,-119507,-143234,83031,82195
3727.2,-119604,-143530,83181,82344
3729.2,-119512,-143422,83165,82345
3731.2,-119344,-143092,83070,82270
3733.2,-119325,-142931,83064,82265
3735.2,-119458,-142979,83114,82299
3737.2,-119516,-143065,83125,82296
3739.2,-119376,-143089,83105,82271
3741.2,-119192,-143016,83103,82247
3743.2,-119153,-142888,83127,82230
3745.2,-119255,-142823,83149,82219
3747.2,-119342,-142799,83133,82194
3749.2,-119291,-142726,83117,82184
3751.2,-119135,-142705,83179,82263
3753.2,-119029,-142796,83283,82385
3755.2,-119046,-142755,83310,82408
3757.2,-119086,-142507,83272,82345
3759.2,-119056,-142430,83292,82332
3761.2,-118965,-142669,83369,82377
3763.2,-118838,-142777,83390,82372
3765.2,-118734,-142515,83351,82321
3767.2,-118745,-142278,83368,82335
3769.18,-118810,-142289,83461,82416
3771.15,-118739,-142229,83501,82444
3773.13,-118563,-141991,83449,82397
3775.1,-118506,-141930,83441,82390
3777.1,-118582,-142112,83528,82452
3779.1,-118613,-142194,83588,82481
3781.1,-118555,-142109,83589,82467
3783.1,-118473,-142071,83629,82505
3785.1,-118368,-142077,83701,82579
3787.1,-118291,-142028,83717,82598
3789.1,-118324,-142002,83713,82582
3791.1,-118351,-142007,83742,82573
3793.1,-118214,-141914,83757,82540
3795.1,-118046,-141785,83758,82509
3797.1,-118071,-141784,83804,82547
3799.1,-118191,-141832,83853,82595
3801.1,-118159,-141740,83828,82573
3803.1,-117988,-141549,83778,82534
3805.1,-117897,-141453,83770,82527
3807.1,-117983,-141511,83788,82523
3809.1,-118114,-141594,83815,82528
3811.1,-118099,-141582,83855,82571
3813.1,-117896,-141517,83882,82602
3815.1,-117687,-141473,83881,82586
3817.1,-117682,-141425,83875,82573
3819.1,-117857,-141343,83868,82582
3821.1,-117984,-141290,83850,82563
3823.1,-117918,-141294,83843,82516
3825.1,-117735,-141284,83858,82491
3827.1,-117620,-141205,83880,82501
3829.1,-117671,-141080,83901,82519
3831.1,-117813,-140960,83917,82525
3833.1,-117859,-140862,83926,82522
3835.1,-117725,-140767,83948,82527
3837.1,-117551,-140718,83997,82547
3839.1,-117537,-140853,84069,82584
3841.1,-117663,-141194,84164,82648
3843.1,-117732,-141455,84262,82717
3845.1,-117667,-141327,84287,82712
3847.1,-117571,-140965,84236,82623
3849.08,-117550,-140836,84233,82573
3851.05,-117608,-141039,84339,82639
3853.03,-117691,-141204,84448,82721
3855.0,-117719,-141123,84460,82694
3857.0,-117656,-140995,84413,82586
3859.0,-117620,-140969,84408,82527
3861.0,-117750,-140990,84493,82580
3863.0,-117930,-141076,84628,82670
3865.0,-117923,-141220,84734,82703
3867.0,-117781,-141229,84796,82701
3869.0,-117786,-141097,84850,82712
3871.0,-117967,-141096,84888,82700
3873.0,-118041,-141193,84902,82656
3875.0,-117864,-141029,84941,82657
3877.0,-117619,-140660,85011,82700
3879.0,-117542,-140551,85068,82706
3881.0,-117686,-140757,85114,82695
3883.0,-117893,-140860,85171,82711
3885.0,-117952,-140757,85215,82712
3887.0,-117841,-140750,85258,82697
3889.0,-117757,-140884,85327,82718
3891.0,-117824,-140870,85360,82713
3893.0,-117937,-140672,85323,82617
3895.0,-117945,-140550,85307,82536
3897.0,-117821,-140553,85343,82536
3899.0,-117657,-140528,85361,82532
3901.0,-117629,-140544,85388,82519
3903.0,-117785,-140733,85486,82579
3905.0,-117890,-140902,85570,82646
3907.0,-117760,-140829,85546,82614
3909.0,-117598,-140671,85495,82551
3911.0,-117657,-140641,85509,82553
3913.0,-117840,-140664,85561,82589
3915.0,-117927,-140657,85599,82608
3917.0,-117870,-140669,85605,82605
3919.0,-117701,-140642,85578,82568
3921.0,-117524,-140501,85545,82511
3923.0,-117533,-140407,85540,82483
3925.0,-117740,-140524,85560,82492
3927.0,-117856,-140726,85598,82504
3928.98,-117716,-140779,85636,82494
3930.95,-117524,-140641,85637,82463
3932.93,-117526,-140480,85616,82454
3934.9,-117678,-140482,85622,82484
3936.9,-117740,-140600,85635,82490
3938.9,-117584,-140599,85621,82440
3940.9,-117388,-140449,85613,82405
3942.9,-117422,-140382,85633,82418
3944.9,-117617,-140456,85641,82412
3946.9,-117654,-140470,85617,82367
3948.9,-117479,-140368,85601,82335
3950.9,-117340,-140302,85617,82338
3952.9,-117357,-140331,85649,82349
3954.9,-117442,-140386,85654,82334
3956.9,-117507,-140424,85633,82302
3958.9,-117470,-140436,85651,82310
3960.9,-117316,-140418,85714,82351
3962.9,-117242,-140408,85707,82316
3964.9,-117400,-140426,85613,82200
3966.9,-117578,-140406,85566,82142
3968.9,-117513,-140299,85599,82172
3970.9,-117300,-140186,85621,82191
3972.9,-117175,-140200,85653,82225
3974.9,-117193,-140362,85758,82337
3976.9,-117283,-140535,85854,82438
3978.9,-117344,-140565,85859,82436
3980.9,-117258,-140464,85826,82385
3982.9,-117071,-140372,85799,82330
3984.9,-117039,-140356,85776,82275
3986.9,-117243,-140359,85798,82271
3988.9,-117387,-140332,85868,82327
3990.9,-117237,-140265,85924,82382
3992.9,-116987,-140161,85972,82443
3994.9,-116950,-140071,86074,82553
3996.9,-117094,-140061,86206,82662
3998.9,-117159,-140048,86289,82706
4000.9,-117044,-139870,86306,82704
4002.9,-116859,-139610,86302,82688
4004.9,-116785,-139550,86332,82689
4006.8,-116929,-139712,86400,82729
4008.8,-117156,-139800,86442,82766
4010.8,-117161,-139678,86437,82766
4012.8,-116902,-139519,86458,82791
4014.8,-116705,-139443,86518,82855
4016.8,-116762,-139377,86528,82864
4018.8,-116857,-139259,86494,82817
4020.8,-116781,-139095,86532,82842
4022.8,-116627,-138903,86653,82954
4024.8,-116557,-138731,86738,83029
4026.8,-116614,-138615,86744,83030
4028.8,-116747,-138555,86755,83051
4030.8,-116798,-138599,86828,83146
4032.8,-116631,-138772,86893,83246
4034.8,-116377,-138911,86875,83266
4036.8,-116299,-138862,86819,83230
4038.8,-116413,-138735,86801,83204
4040.8,-116510,-138708,86791,83179
4042.8,-116469,-138742,86755,83123
4044.8,-116340,-138749,86768,83089
4046.8,-116252,-138806,86856,83112
4048.8,-116325,-138977,86908,83118
4050.8,-116518,-139121,86865,83057
4052.8,-116610,-139094,86804,82993
4054.8,-116517,-138999,86778,82981
4056.8,-116452,-139061,86753,82999
4058.8,-116587,-139303,86697,82988
4060.8,-116764,-139534,86593,82902
4062.8,-116766,-139650,86453,82757
4064.8,-116648,-139743,86332,82629
4066.8,-116602,-139880,86257,82540
4068.8,-116680,-140018,86200,82448
4070.8,-116780,-140135,86156,82369
4072.8,-116776,-140210,86126,82334
4074.8,-116619,-140166,86055,82295
4076.8,-116437,-140049,85955,82233
4078.78,-116438,-140083,85945,82229
4080.75,-116606,-140290,86035,82287
4082.73,-116694,-140388,86081,82296
4084.7,-116588,-140257,86026,82241
4086.7,-116436,-140131,85982,82204
4088.7,-116399,-140174,86017,82201
4090.7,-116469,-140243,86073,82203
4092.7,-116530,-140190,86079,82219
4094.7,-116474,-140047,86042,82227
4096.7,-116310,-139896,86022,82202
4098.7,-116204,-139847,86054,82201
4100.7,-116270,-139993,86104,82257
4102.7,-116395,-140218,86116,82289
4104.7,-116418,-140294,86089,82246
4106.7,-116353,-140260,86069,82208
4108.7,-116309,-140329,86095,82244
4110.7,-116327,-140425,86160,82314
4112.7,-116393,-140290,86211,82352
4114.7,-116460,-140008,86215,82335
4116.7,-116458,-139903,86222,82278
4118.7,-116422,-140011,86288,82211
4120.7,-116498,-140130,86389,82157
4122.7,-116675,-140242,86530,82153
4124.7,-116727,-140406,86799,82254
4126.7,-116533,-140458,87172,82459
4128.7,-116229,-140262,87474,82697
4130.7,-115979,-140054,87671,82964
4132.7,-115768,-140060,87936,83405
4134.7,-115453,-139983,88342,84138
4136.7,-114920,-139405,88734,85049
4138.7,-114254,-138506,88957,85880
4140.7,-113720,-137783,88981,86522
4142.7,-113482,-137245,88789,87057
4144.7,-113454,-136540,88361,87522
4146.7,-113496,-135747,87749,87793
4148.7,-113640,-135422,87007,87682
4150.7,-113996,-135902,86085,86996
4152.7,-114589,-136966,84939,85614
4154.7,-115320,-138091,83692,83755
4156.7,-116025,-138884,82560,81979
4158.68,-116574,-139347,81715,80724
4160.65,-116919,-139705,81302,80040
4162.63,-117064,-140002,81388,79804
4164.6,-117020,-140150,81803,79877
4166.6,-116818,-140225,82263,80075
4168.6,-116544,-140331,82683,80264
4170.6,-116300,-140359,83173,80475
4172.6,-116156,-140290,83782,80804
4174.6,-116132,-140377,84433,81238
4176.6,-116167,-140655,85003,81634
4178.6,-116099,-140738,85397,81867
4180.6,-115849,-140441,85639,81970
4182.6,-115663,-140138,85842,82060
4184.6,-115824,-140172,86027,82145
4186.6,-116106,-140345,86124,82163
4188.6,-116076,-140319,86153,82154
4190.6,-115844,-140152,86190,82197
4192.6,-115800,-140098,86233,82273
4194.6,-115860,-140143,86263,82346
4196.6,-115780,-140122,86304,82406
4198.6,-115737,-140055,86346,82425
4200.6,-115829,-140029,86373,82410
4202.6,-115757,-139999,86411,82413
4204.6,-115544,-139945,86441,82402
4206.6,-115613,-139985,86421,82323
4208.6,-115886,-140107,86409,82262
4210.6,-115888,-140122,86471,82307
4212.6,-115682,-139993,86541,82387
4214.6,-115652,-139904,86553,82417
4216.6,-115686,-139914,86548,82430
4218.6,-115523,-139910,86560,82442
4220.6,-115406,-139908,86581,82437
4222.6,-115570,-140020,86605,82434
4224.6,-115711,-140155,86611,82429
4226.6,-115576,-140145,86594,82407
4228.6,-115440,-140056,86607,82414
4230.6,-115521,-140009,86645,82461
4232.6,-115598,-139924,86631,82478
4234.6,-115496,-139761,86594,82464
4236.6,-115382,-139699,86629,82492
4238.58,-115424,-139813,86698,82547
4240.55,-115559,-139926,86707,82564
4242.53,-115623,-139908,86678,82552
4244.5,-115518,-139825,86660,82531
4246.5,-115350,-139802,86662,82511
4248.5,-115340,-139920,86701,82545
4250.5,-115490,-140097,86763,82627
4252.5,-115558,-140091,86773,82667
4254.5,-115453,-139866,86745,82658
4256.5,-115305,-139728,86777,82695
4258.5,-115205,-139805,86855,82767
4260.5,-115209,-139863,86875,82782
4262.5,-115338,-139855,86834,82740
4264.5,-115426,-140005,86815,82703
4266.5,-115329,-140196,86829,82674
4268.5,-115254,-140094,86826,82637
4270.5,-115397,-139879,86825,82640
4272.5,-115537,-139997,86890,82727
4274.5,-115435,-140279,86981,82845
4276.5,-115248,-140224,86989,82889
4278.5,-115199,-139922,86923,82853
4280.5,-115257,-139845,86891,82816
4282.5,-115323,-139995,86908,82805
4284.5,-115346,-140039,86916,82799
4286.5,-115282,-139944,86925,82810
4288.5,-115162,-139884,86948,82832
4290.5,-115093,-139864,86947,82842
4292.5,-115124,-139835,86950,82880
4294.5,-115204,-139821,87005,82955
4296.5,-115220,-139791,87056,82981
4298.5,-115077,-139706,87067,82950
4300.5,-114869,-139671,87089,82955
4302.5,-114842,-139761,87100,82959
4304.5,-115005,-139847,87031,82871
4306.5,-115056,-139802,86971,82794
4308.5,-114884,-139696,87021,82847
4310.5,-114744,-139619,87086,82925
4312.5,-114803,-139564,87079,82937
4314.5,-114906,-139547,87093,82978
4316.5,-114872,-139614,87169,83077
4318.48,-114733,-139699,87201,83116
4320.45,-114633,-139684,87158,83073
4322.43,-114650,-139580,87133,83043
4324.4,-114706,-139494,87159,83054
4326.4,-114669,-139473,87188,83066
4328.4,-114524,-139482,87183,83067
4330.4,-114385,-139456,87149,83059
4332.4,-114351,-139377,87112,83044
4334.4,-114428,-139310,87097,83044
4336.4,-114501,-139283,87103,83067
4338.4,-114424,-139212,87113,83098
4340.4,-114247,-139122,87117,83125
4342.4,-114196,-139189,87109,83147
4344.4,-114313,-139378,87096,83159
4346.4,-114402,-139420,87079,83155
4348.4,-114373,-139287,87041,83134
4350.4,-114313,-139234,86999,83122
4352.4,-114239,-139312,87004,83150
4354.4,-114153,-139342,87023,83170
4356.4,-114159,-139283,86978,83119
4358.4,-114235,-139223,86925,83064
4360.4,-114193,-139165,86952,83091
4362.4,-114036,-139101,86984,83131
4364.4,-114010,-139117,86933,83111
4366.4,-114163,-139220,86876,83093
4368.4,-114247,-139244,86869,83110
4370.4,-114129,-139075,86843,83098
4372.4,-113980,-138873,86797,83080
4374.4,-114005,-138881,86801,83127
4376.4,-114171,-139042,86825,83182
4378.4,-114255,-139090,86812,83173
4380.4,-114125,-138953,86792,83149
4382.4,-113927,-138773,86781,83140
4384.4,-113891,-138704,86764,83132
4386.4,-114050,-138896,86793,83175
4388.4,-114237,-139272,86868,83249
4390.4,-114276,-139329,86843,83191
4392.4,-114133,-138875,86696,83006
4394.4,-113995,-138610,86652,82966
4396.3,-114078,-139076,86838,83191
4398.3,-114266,-139651,87056,83435
4400.3,-114253,-139619,87096,83471
4402.3,-114075,-139325,87027,83380
4404.3,-114056,-139338,87010,83325
4406.3,-114240,-139492,87034,83299
4408.3,-114377,-139474,87013,83240
4410.3,-114345,-139399,86973,83193
4412.3,-114219,-139369,86979,83212
4414.3,-114098,-139285,86990,83236
4416.3,-114103,-139200,86957,83199
4418.3,-114283,-139223,86930,83157
4420.3,-114453,-139271,86971,83188
4422.3,-114402,-139287,87042,83255
4424.3,-114233,-139348,87078,83282
4426.3,-114216,-139401,87064,83256
4428.3,-114391,-139344,87030,83218
4430.3,-114550,-139280,87025,83220
4432.3,-114525,-139278,87068,83266
4434.3,-114339,-139203,87110,83295
4436.3,-114167,-139084,87098,83263
4438.3,-114185,-139167,87060,83216
4440.3,-114374,-139393,87044,83200
4442.3,-114492,-139435,87043,83193
4444.3,-114384,-139288,87028,83164
4446.3,-114237,-139230,87000,83127
4448.3,-114313,-139306,86978,83110
4450.3,-114534,-139373,86968,83122
4452.3,-114598,-139384,86957,83147
4454.3,-114433,-139339,86927,83163
4456.3,-114266,-139263,86898,83172
4458.3,-114301,-139280,86898,83190
4460.3,-114476,-139387,86895,83185
4462.3,-114571,-139391,86851,83129
4464.3,-114480,-139303,86806,83077
4466.3,-114329,-139338,86799,83075
4468.28,-114301,-139444,86781,83069
4470.25,-114406,-139415,86732,83040
4472.23,-114497,-139340,86718,83058
4474.2,-114463,-139344,86750,83120
4476.2,-114335,-139256,86741,83125
4478.2,-114240,-139054,86671,83058
4480.2,-114277,-139076,86629,83017
4482.2,-114409,-139392,86649,83039
4484.2,-114496,-139614,86651,83046
4486.2,-114447,-139559,86586,82989
4488.2,-114315,-139446,86520,82926
4490.2,-114240,-139418,86505,82912
4492.2,-114287,-139453,86506,82927
4494.2,-114361,-139516,86478,82927
4496.2,-114342,-139462,86414,82893
4498.2,-114275,-139233,86333,82832
4500.2,-114301,-139163,86301,82799
4502.2,-114427,-139440,86368,82843
4504.2,-114500,-139589,86439,82888
4506.2,-114409,-139291,86397,82835
4508.2,-114222,-139049,86332,82774
4510.2,-114148,-139260,86393,82847
4512.2,-114309,-139491,86509,82983
4514.2,-114508,-139325,86523,83024
4516.2,-114431,-139007,86465,82998
4518.2,-114148,-138880,86473,83028
4520.2,-114055,-139005,86566,83109
4522.2,-114252,-139326,86646,83151
4524.2,-114423,-139616,86644,83118
4526.2,-114378,-139563,86590,83058
4528.2,-114249,-139242,86559,83027
4530.2,-114178,-139028,86570,83032
4532.2,-114176,-138996,86591,83057
4534.2,-114202,-138927,86623,83112
4536.2,-114163,-138760,86668,83191
4538.2,-113995,-138595,86699,83245
4540.2,-113827,-138470,86734,83290
4542.2,-113822,-138389,86813,83389
4544.2,-113940,-138364,86883,83482
4546.2,-114020,-138356,86867,83468
4548.18,-113988,-138329,86809,83397
4550.15,-113870,-138274,86777,83387
4552.13,-113764,-138176,86746,83417
4554.1,-113765,-138096,86712,83423
4556.1,-113811,-138154,86704,83411
4558.1,-113754,-138258,86674,83381
4560.1,-113631,-138186,86579,83319
4562.1,-113614,-138037,86502,83270
4564.1,-113736,-138144,86503,83266
4566.1,-113866,-138439,86516,83259
4568.1,-113899,-138546,86486,83219
4570.1,-113817,-138468,86434,83160
4572.1,-113744,-138514,86367,83088
4574.1,-113852,-138653,86298,83037
4576.1,-114071,-138675,86272,83049
4578.1,-114111,-138706,86245,83049
4580.1,-113932,-138924,86110,82920
4582.1,-113819,-139185,85898,82726
4584.1,-113927,-139378,85751,82614
4586.1,-114106,-139599,85685,82561
4588.1,-114182,-139797,85605,82461
4590.1,-114116,-139810,85499,82346
4592.1,-113996,-139754,85429,82308
4594.1,-113990,-139825,85393,82316
4596.1,-114124,-139939,85343,82297
4598.1,-114181,-139957,85285,82264
4600.1,-114039,-139919,85257,82259
4602.1,-113895,-139903,85256,82265
4604.1,-113948,-139939,85254,82250
4606.1,-114125,-140019,85215,82196
4608.1,-114244,-139995,85106,82084
4610.1,-114215,-139784,84961,81956
4612.1,-114077,-139644,84893,81939
4614.1,-113986,-139802,84940,82057
4616.1,-114057,-140034,84994,82154
4618.1,-114180,-140095,84989,82146
4620.1,-114174,-140097,84993,82140
4622.1,-114064,-140075,84998,82150
4624.1,-114010,-139875,84895,82044
4626.1,-114044,-139705,84762,81890
4628.08,-114067,-139930,84802,81919
4630.05,-114030,-140314,84954,82076
4632.03,-113981,-140330,84989,82110
4634.0,-113978,-140054,84937,82034
4636.0,-114036,-139953,84973,82023
4638.0,-114146,-140097,85053,82032
4640.0,-114259,-140222,85056,81947
4642.0,-114263,-140187,85071,81855
4644.0,-114123,-140016,85221,81871
4646.0,-114022,-139892,85460,81981
4648.0,-114103,-140072,85707,82188
4650.0,-114119,-140426,85952,82519
4652.0,-113717,-140406,86191,82956
4654.0,-112979,-139831,86432,83543
4656.0,-112299,-139133,86707,84363
4658.0,-111847,-138574,86951,85295
4660.0,-111509,-137914,87007,86097
4662.0,-111180,-137035,86807,86721
4664.0,-110871,-136179,86426,87264
4666.0,-110699,-135524,85926,87669
4668.0,-110864,-135132,85278,87710
4670.0,-111404,-135214,84423,87156
4672.0,-112079,-135930,83363,85897
4674.0,-112673,-137039,82191,84111
4676.0,-113200,-138081,81068,82293
4678.0,-113703,-138739,80178,80912
4680.0,-114128,-139012,79686,80105
4682.0,-114395,-139178,79667,79779
4684.0,-114396,-139483,80021,79794
4686.0,-114098,-139814,80542,79984
4688.0,-113779,-139940,81088,80196
4690.0,-113740,-139938,81642,80396
4692.0,-113805,-139994,82218,80656
4694.0,-113667,-140070,82778,80999
4696.0,-113492,-140061,83254,81335
4698.0,-113515,-139980,83600,81562
4700.0,-113535,-139890,83816,81663
4702.0,-113454,-139869,83930,81693
4704.0,-113537,-139955,83991,81709
4706.0,-113706,-140012,84048,81751
4707.98,-113583,-139944,84108,81808
4709.95,-113334,-139896,84135,81834
4711.93,-113401,-139935,84111,81818
4713.9,-113621,-139898,84073,81804
4715.9,-113609,-139803,84068,81821
4717.9,-113501,-139829,84108,81860
4719.9,-113519,-139883,84140,81886
4721.9,-113517,-139799,84096,81843
4723.9,-113416,-139781,84009,81751
4725.9,-113431,-140022,84003,81730
4727.9,-113606,-140272,84092,81806
4729.9,-113697,-140249,84137,81848
4731.9,-113597,-140048,84083,81804
4733.9,-113480,-139886,84021,81774
4735.9,-113485,-139844,84002,81791
4737.9,-113507,-139920,83997,81798
4739.9,-113427,-140021,84010,81815
4741.9,-113342,-139999,84048,81872
4743.9,-113387,-139877,84063,81894
4745.9,-113483,-139827,84041,81858
4747.9,-113481,-139876,84025,81836
4749.9,-113376,-139888,84023,81855
4751.9,-113250,-139799,84029,81891
4753.9,-113200,-139674,84050,81945
4755.9,-113273,-139581,84069,81995
4757.9,-113357,-139534,84068,81999
4759.9,-113278,-139491,84066,81965
4761.9,-113077,-139420,84056,81920
4763.9,-112979,-139403,84012,81874
4765.9,-113084,-139530,83984,81870
4767.9,-113257,-139672,84011,81925
4769.9,-113298,-139630,84041,81972
4771.9,-113146,-139468,84035,81978
4773.9,-112967,-139371,84025,81983
4775.9,-112973,-139317,84013,81984
4777.9,-113122,-139279,83996,81966
4779.9,-113182,-139391,84011,81970
4781.9,-113111,-139594,84041,81989
4783.9,-113072,-139586,84005,81943
4785.9,-113130,-139389,83922,81844
4787.88,-113198,-139354,83890,81801
4789.85,-113211,-139489,83918,81847
4791.83,-113147,-139495,83954,81927
4793.8,-113022,-139390,83987,81999
4795.8,-112955,-139400,84006,82042
4797.8,-113042,-139451,83976,82039
4799.8,-113163,-139392,83913,82000
4801.8,-113147,-139333,83879,81963
4803.8,-113055,-139326,83872,81947
4805.8,-113044,-139225,83840,81929
4807.8,-113107,-139086,83780,81886
4809.8,-113154,-139129,83758,81864
4811.8,-113152,-139290,83803,81925
4813.8,-113062,-139347,83854,82031
4815.8,-112895,-139330,83866,82091
4817.8,-112826,-139374,83859,82088
4819.8,-112951,-139420,83853,82077
4821.8,-113048,-139405,83838,82084
4823.8,-112928,-139405,83827,82100
4825.8,-112784,-139421,83823,82101
4827.8,-112859,-139356,83798,82080
4829.8,-113051,-139262,83760,82076
4831.8,-113119,-139264,83755,82112
4833.8,-113021,-139293,83756,82132
4835.8,-112875,-139226,83718,82098
4837.8,-112805,-139153,83692,82080
4839.8,-112857,-139210,83741,82138
4841.8,-112919,-139291,83810,82216
4843.8,-112825,-139225,83813,82227
4845.8,-112636,-139063,83759,82173
4847.8,-112582,-138993,83718,82131
4849.8,-112700,-139060,83728,82160
4851.8,-112774,-139120,83768,82239
4853.8,-112664,-139059,83784,82291
4855.8,-112477,-138969,83761,82293
4857.8,-112397,-138987,83736,82290
4859.8,-112466,-139049,83725,82294
4861.8,-112580,-139017,83707,82282
4863.8,-112617,-138939,83679,82258
4865.7,-112539,-138924,83654,82238
4867.7,-112404,-138927,83630,82223
4869.7,-112331,-138899,83609,82227
4871.7,-112396,-138889,83599,82260
4873.7,-112482,-138845,83587,82289
4875.7,-112368,-138667,83558,82279
4877.7,-112077,-138465,83527,82253
4879.7,-111926,-138421,83513,82242
4881.7,-112087,-138510,83506,82237
4883.7,-112331,-138614,83481,82215
4885.7,-112358,-138689,83449,82188
4887.7,-112201,-138693,83442,82194
4889.7,-112129,-138612,83454,82233
4891.7,-112280,-138556,83441,82250
4893.7,-112476,-138576,83407,82228
4895.7,-112446,-138531,83408,82222
4897.7,-112194,-138378,83437,82249
4899.7,-112029,-138306,83422,82251
4901.7,-112150,-138385,83354,82204
4903.7,-112371,-138446,83307,82179
4905.7,-112403,-138429,83327,82223
4907.7,-112236,-138438,83375,82281
4909.7,-112101,-138444,83390,82280
4911.7,-112155,-138360,83372,82243
4913.7,-112310,-138290,83363,82243
4915.7,-112362,-138305,83376,82275
4917.7,-112275,-138290,83383,82278
4919.7,-112234,-138239,83379,82251
4921.7,-112357,-138269,83385,82240
4923.7,-112516,-138325,83389,82251
4925.7,-112548,-138333,83390,82277
4927.7,-112469,-138396,83421,82320
4929.7,-112383,-138479,83455,82329
4931.7,-112377,-138416,83425,82263
4933.7,-112503,-138355,83367,82201
4935.7,-112658,-138492,83358,82212
4937.7,-112647,-138564,83366,82223
4939.7,-112488,-138357,83344,82188
4941.7,-112419,-138233,83357,82196
4943.7,-112533,-138433,83427,82263
4945.6,-112691,-138609,83453,82283
4947.6,-112757,-138524,83397,82224
4949.6,-112691,-138384,83326,82164
4951.6,-112546,-138282,83272,82127
4953.6,-112478,-138158,83241,82115
4955.6,-112561,-138183,83277,82165
4957.6,-112618,-138399,83350,82233
4959.6,-112497,-138423,83336,82208
4961.6,-112344,-138145,83251,82129
4963.6,-112350,-138022,83247,82150
4965.6,-112461,-138202,83328,82254
4967.6,-112504,-138263,83341,82281
4969.6,-112435,-138116,83272,82221
4971.6,-112355,-138136,83259,82203
4973.6,-112377,-138300,83319,82239
4975.6,-112491,-138246,83324,82219
4977.6,-112553,-138047,83242,82129
4979.6,-112468,-138040,83183,82064
4981.6,-112335,-138174,83211,82080
4983.6,-112311,-138216,83268,82128
4985.6,-112425,-138166,83274,82142
4987.6,-112554,-138092,83231,82115
4989.6,-112546,-138010,83207,82106
4991.6,-112393,-137995,83251,82159
4993.6,-112282,-138064,83310,82220
4995.6,-112355,-138089,83285,82197
4997.6,-112483,-138031,83185,82102
4999.6,-112443,-137987,83128,82047
5001.6,-112269,-137955,83141,82059
5003.6,-112181,-137888,83121,82044
5005.6,-112267,-137889,83048,81981
5007.6,-112412,-138037,83023,81971
5009.6,-112466,-138134,83040,82020
5011.6,-112373,-137962,82991,82014
5013.6,-112225,-137701,82900,81951
5015.6,-112204,-137724,82883,81934
5017.58,-112366,-137996,82917,81960
5019.55,-112534,-138121,82909,81953
5021.53,-112516,-137977,82873,81922
5023.5,-112355,-137834,82837,81890
5025.5,-112296,-137840,82784,81841
5027.5,-112466,-137886,82738,81813
5029.5,-112667,-137913,82739,81842
5031.5,-112613,-137955,82742,81869
5033.5,-112362,-137979,82709,81840
5035.5,-112246,-137961,82682,81801
5037.5,-112376,-137968,82690,81795
5039.5,-112533,-138008,82701,81801
5041.5,-112532,-137982,82692,81792
5043.5,-112417,-137818,82670,81772
5045.5,-112333,-137560,82664,81770
5047.5,-112382,-137352,82700,81815
5049.5,-112533,-137343,82763,81885
5051.5,-112617,-137528,82818,81930
5053.5,-112538,-137704,82863,81955
5055.5,-112420,-137704,82893,81977
5057.5,-112406,-137630,82884,81977
5059.5,-112470,-137675,82871,81967
5061.5,-112498,-137754,82889,81975
5063.5,-112417,-137617,82888,81975
5065.5,-112265,-137343,82849,81961
5067.5,-112201,-137239,82842,81989
5069.5,-112296,-137251,82863,82031
5071.5,-112359,-137056,82830,82004
5073.5,-112211,-136722,82796,81971
5075.5,-111984,-136586,82876,82056
5077.5,-111894,-136613,83000,82197
5079.5,-111947,-136547,83033,82257
5081.5,-112047,-136486,83027,82278
5083.5,-112116,-136645,83079,82353
5085.5,-112039,-136813,83107,82409
5087.5,-111838,-136702,83011,82349
5089.5,-111771,-136514,82884,82258
5091.5,-111934,-136569,82854,82246
5093.5,-112067,-136692,82858,82253
5095.5,-111990,-136559,82805,82202
5097.48,-111869,-136341,82765,82169
5099.45,-111878,-136428,82796,82201
5101.43,-111963,-136742,82788,82188
5103.4,-112010,-136877,82684,82085
5105.4,-111991,-136755,82605,82017
5107.4,-111998,-136671,82608,82023
5109.4,-112151,-136811,82587,81995
5111.4,-112388,-137101,82492,81910
5113.4,-112472,-137418,82376,81833
5115.4,-112334,-137651,82242,81732
5117.4,-112171,-137685,82075,81563
5119.4,-112162,-137572,81939,81405
5121.4,-112305,-137554,81863,81328
5123.4,-112447,-137734,81801,81294
5125.4,-112411,-137923,81751,81284
5127.4,-112227,-137962,81736,81310
5129.4,-112149,-137984,81723,81328
5131.4,-112264,-138152,81679,81285
5133.4,-112384,-138350,81621,81201
5135.4,-112411,-138351,81551,81108
5137.4,-112420,-138186,81477,81029
5139.4,-112410,-138097,81450,81004
5141.4,-112366,-138146,81473,81032
5143.4,-112380,-138110,81461,81037
5145.4,-112435,-137906,81387,80994
5147.4,-112390,-137811,81346,80988
5149.4,-112280,-138001,81396,81063
5151.4,-112279,-138195,81441,81126
5153.4,-112388,-138143,81375,81073
5155.4,-112458,-138058,81239,80949
5157.4,-112423,-138175,81157,80874
5159.4,-112331,-138327,81140,80858
5161.4,-112292,-138339,81122,80838
5163.4,-112403,-138298,81115,80840
5165.4,-112606,-138239,81165,80909
5167.4,-112693,-138104,81213,80949
5169.4,-112575,-138004,81203,80871
5171.4,-112404,-138031,81210,80775
5173.4,-112385,-138077,81297,80765
5175.4,-112528,-138138,81430,80784
5177.38,-112613,-138311,81619,80822
5179.35,-112448,-138372,81886,80972
5181.33,-112123,-138074,82120,81211
5183.3,-111858,-137729,82262,81504
5185.3,-111628,-137690,82485,82035
5187.3,-111219,-137593,82846,82901
5189.3,-110617,-136950,83087,83819
5191.3,-110012,-136020,83084,84574
5193.3,-109524,-135284,83019,85323
5195.3,-109219,-134607,82890,86093
5197.3,-109171,-133706,82424,86565
5199.3,-109285,-132916,81637,86609
5201.3,-109393,-132815,80831,86342
5203.3,-109672,-133468,80017,85596
5205.3,-110394,-134507,78963,84102
5207.3,-111276,-135604,77748,82179
5209.3,-111834,-136534,76720,80522
5211.3,-112175,-137105,76041,79414
5213.3,-112558,-137321,75712,78727
5215.3,-112692,-137435,75798,78426
5217.3,-112414,-137642,76274,78507
5219.3,-112213,-137848,76910,78759
5221.3,-112294,-137891,77525,78998
5223.3,-112201,-137870,78135,79273
5225.3,-111881,-137988,78757,79642
5227.3,-111835,-138148,79291,79987
5229.3,-112032,-138108,79660,80196
5231.3,-111990,-137979,79910,80319
5233.3,-111768,-138018,80123,80452
5235.3,-111746,-138105,80278,80568
5237.3,-111852,-137999,80318,80591
5239.3,-111856,-137851,80312,80563
5241.3,-111877,-137879,80366,80580
5243.3,-112027,-137921,80420,80605
5245.3,-112111,-137807,80376,80568
5247.3,-112017,-137683,80343,80555
5249.3,-111931,-137673,80441,80644
5251.3,-111984,-137712,80542,80707
5253.3,-112036,-137766,80502,80630
5255.3,-111955,-137816,80417,80526
5257.28,-111839,-137809,80413,80516
5259.25,-111849,-137818,80434,80542
5261.23,-111965,-137918,80415,80540
5263.2,-112025,-137972,80409,80551
5265.2,-111934,-137878,80445,80599
5267.2,-111771,-137767,80460,80633
5269.2,-111740,-137709,80429,80624
5271.2,-111932,-137661,80404,80605
5273.2,-112151,-137697,80429,80619
5275.2,-112125,-137809,80467,80650
5277.2,-111892,-137758,80457,80650
5279.2,-111741,-137543,80421,80621
5281.2,-111791,-137502,80432,80626
5283.2,-111868,-137689,80478,80673
5285.2,-111813,-137780,80493,80712
5287.2,-111678,-137678,80476,80730
5289.2,-111598,-137581,80455,80735
5291.2,-111630,-137528,80419,80702
5293.2,-111733,-137438,80375,80640
5295.2,-111799,-137395,80369,80621
5297.2,-111747,-137455,80392,80653
5299.2,-111637,-137489,80397,80663
5301.2,-111619,-137451,80397,80652
5303.2,-111719,-137437,80421,80676
5305.2,-111794,-137433,80426,80707
5307.2,-111746,-137359,80379,80682
5309.2,-111649,-137291,80335,80640
5311.2,-111625,-137288,80339,80650
5313.2,-111696,-137255,80363,80681
5315.2,-111780,-137206,80364,80678
5317.2,-111775,-137302,80347,80651
5319.2,-111655,-137477,80330,80629
5321.2,-111530,-137493,80324,80624
5323.2,-111535,-137397,80329,80635
5325.2,-111657,-137425,80327,80652
5327.2,-111736,-137519,80305,80658
5329.2,-111670,-137448,80278,80659
5331.2,-111533,-137278,80261,80665
5333.2,-111489,-137252,80264,80679
5335.2,-111575,-137339,80282,80687
5337.18,-111644,-137319,80277,80658
5339.15,-111580,-137196,80228,80590
5341.13,-111482,-137133,80196,80559
5343.1,-111503,-137116,80207,80605
5345.1,-111621,-137047,80203,80652
5347.1,-111686,-137016,80181,80669
5349.1,-111622,-137110,80204,80712
5351.1,-111508,-137195,80241,80766
5353.1,-111501,-137186,80229,80771
5355.1,-111645,-137201,80220,80765
5357.1,-111739,-137238,80237,80779
5359.1,-111592,-137157,80201,80751
5361.1,-111348,-137047,80131,80708
5363.1,-111312,-137092,80132,80739
5365.1,-111513,-137167,80166,80789
5367.1,-111695,-137082,80150,80772
5369.1,-111667,-136974,80134,80762
5371.1,-111478,-137006,80154,80800
5373.1,-111331,-137028,80134,80789
5375.1,-111379,-136914,80087,80736
5377.1,-111541,-136828,80107,80758
5379.1,-111578,-136879,80170,80838
5381.1,-111402,-136895,80195,80878
5383.1,-111183,-136766,80201,80906
5385.1,-111123,-136656,80217,80953
5387.1,-111216,-136694,80211,80965
5389.1,-111290,-136755,80198,80949
5391.1,-111215,-136686,80234,80988
5393.1,-111053,-136558,80279,81054
5395.1,-110978,-136541,80263,81053
5397.1,-111064,-136656,80215,81008
5399.1,-111201,-136754,80196,80999
5401.1,-111210,-136712,80196,81007
5403.1,-111039,-136562,80175,80984
5405.1,-110873,-136435,80134,80959
5407.1,-110935,-136422,80089,80961
5409.1,-111141,-136469,80053,80953
5411.1,-111186,-136439,80034,80922
5413.1,-111019,-136297,80028,80909
5415.1,-110880,-136176,80005,80914
5417.08,-110905,-136194,79966,80897
5419.05,-111001,-136309,79953,80880
5421.03,-111057,-136405,79960,80889
5423.0,-111010,-136415,79921,80872
5425.0,-110888,-136357,79843,80821
5427.0,-110881,-136362,79822,80823
5429.0,-111077,-136515,79861,80886
5431.0,-111216,-136642,79853,80905
5433.0,-111082,-136524,79790,80881
5435.0,-110889,-136295,79765,80896
5437.0,-110906,-136233,79782,80919
5439.0,-111030,-136299,79767,80886
5441.0,-111062,-136291,79737,80854
5443.0,-111009,-136209,79746,80877
5445.0,-110946,-136137,79759,80887
5447.0,-110944,-136095,79731,80851
5449.0,-111087,-136166,79713,80848
5451.0,-111281,-136344,79747,80893
5453.0,-111274,-136371,79762,80899
5455.0,-111061,-136156,79715,80837
5457.0,-110957,-136044,79695,80807
5459.0,-111126,-136247,79769,80870
5461.0,-111360,-136464,79837,80943
5463.0,-111396,-136423,79799,80928
5465.0,-111247,-136274,79724,80865
5467.0,-111160,-136243,79713,80841
5469.0,-111295,-136334,79731,80850
5471.0,-111499,-136444,79718,80849
5473.0,-111537,-136501,79701,80848
5475.0,-111440,-136478,79696,80852
5477.0,-111382,-136419,79671,80840
5479.0,-111395,-136388,79628,80818
5481.0,-111460,-136374,79588,80795
5483.0,-111590,-136327,79550,80756
5485.0,-111654,-136244,79533,80736
5487.0,-111538,-136191,79567,80786
5489.0,-111454,-136222,79610,80858
5491.0,-111612,-136283,79608,80874
5493.0,-111789,-136277,79565,80838
5494.9,-111705,-136202,79497,80780
5496.9,-111500,-136128,79423,80718
5498.9,-111444,-136085,79401,80696
5500.9,-111551,-136103,79447,80741
5502.9,-111667,-136199,79479,80779
5504.9,-111667,-136263,79446,80753
5506.9,-111527,-136171,79403,80716
5508.9,-111415,-136036,79395,80722
5510.9,-111501,-136051,79398,80739
5512.9,-111677,-136152,79389,80722
5514.9,-111728,-136149,79378,80703
5516.9,-111651,-136076,79393,80734
5518.9,-111562,-136071,79415,80786
5520.9,-111514,-136085,79382,80766
5522.9,-111553,-136046,79288,80678
5524.9,-111662,-136053,79229,80638
5526.9,-111668,-136114,79234,80671
5528.9,-111500,-136041,79225,80678
5530.9,-111398,-135866,79184,80642
5532.9,-111568,-135903,79187,80650
5534.9,-111821,-136167,79228,80703
5536.9,-111839,-136268,79239,80728
5538.9,-111626,-136058,79213,80712
5540.9,-111488,-135860,79160,80669
5542.9,-111606,-135914,79085,80612
5544.9,-111798,-136101,79051,80596
5546.9,-111773,-136232,79087,80626
5548.9,-111542,-136250,79100,80628
5550.9,-111401,-136181,79048,80594
5552.9,-111524,-136121,79020,80605
5554.9,-111751,-136154,79034,80645
5556.9,-111823,-136194,79010,80631
5558.9,-111695,-136099,78946,80572
5560.9,-111561,-135932,78899,80526
5562.9,-111602,-135903,78869,80504
5564.9,-111763,-136046,78851,80514
5566.9,-111836,-136160,78847,80540
5568.9,-111742,-136116,78803,80507
5570.9,-111631,-136054,78707,80426
5572.9,-111660,-136174,78670,80419
5574.8,-111784,-136398,78718,80482
5576.8,-111828,-136438,78710,80470
5578.8,-111719,-136231,78602,80371
5580.8,-111593,-136063,78535,80319
5582.8,-111619,-136139,78569,80341
5584.8,-111767,-136286,78600,80356
5586.8,-111867,-136275,78580,80344
5588.8,-111842,-136144,78560,80332
5590.8,-111754,-136020,78561,80323
5592.8,-111667,-135884,78562,80340
5594.8,-111645,-135739,78579,80399
5596.8,-111743,-135719,78647,80475
5598.8,-111860,-135836,78762,80562
5600.8,-111824,-135886,78867,80655
5602.8,-111704,-135783,78889,80681
5604.8,-111736,-135698,78835,80613
5606.8,-111919,-135727,78791,80560
5608.8,-112017,-135754,78780,80566
5610.8,-111925,-135700,78747,80537
5612.8,-111755,-135615,78713,80483
5614.8,-111660,-135506,78738,80520
5616.8,-111700,-135344,78756,80590
5618.8,-111770,-135220,78695,80572
5620.8,-111678,-135224,78674,80575
5622.8,-111462,-135249,78795,80729
5624.8,-111427,-135140,78907,80877
5626.8,-111661,-134939,78857,80843
5628.8,-111821,-134776,78750,80737
5630.8,-111670,-134655,78722,80713
5632.8,-111437,-134535,78727,80732
5634.8,-111386,-134475,78693,80733
5636.8,-111437,-134519,78641,80736
5638.8,-111455,-134603,78595,80731
5640.8,-111475,-134656,78570,80714
5642.8,-111504,-134700,78593,80730
5644.8,-111492,-134776,78628,80764
5646.8,-111509,-134839,78593,80741
5648.8,-111625,-134838,78502,80660
5650.8,-111728,-134858,78431,80579
5652.8,-111712,-135012,78394,80520
5654.7,-111668,-135198,78373,80497
5656.7,-111715,-135219,78361,80501
5658.7,-111853,-135157,78319,80471
5660.7,-111982,-135273,78216,80380
5662.7,-111987,-135561,78075,80278
5664.7,-111883,-135810,77927,80166
5666.7,-111864,-136011,77784,80018
5668.7,-112034,-136278,77667,79888
5670.7,-112195,-136468,77570,79807
5672.7,-112139,-136381,77452,79711
5674.7,-111947,-136195,77339,79608
5676.7,-111848,-136242,77295,79592
5678.7,-111938,-136476,77287,79627
5680.7,-112134,-136593,77236,79594
5682.7,-112251,-136526,77165,79513
5684.7,-112175,-136484,77156,79483
5686.7,-112046,-136614,77201,79502
5688.7,-112103,-136840,77218,79507
5690.7,-112290,-136957,77140,79458
5692.7,-112321,-136836,76998,79361
5694.7,-112150,-136595,76894,79286
5696.7,-112015,-136479,76886,79305
5698.7,-112054,-136566,76931,79377
5700.7,-112182,-136722,76962,79416
5702.7,-112285,-136783,76952,79405
5704.7,-112284,-136687,76888,79352
5706.7,-112176,-136535,76782,79255
5708.7,-112130,-136500,76708,79169
5710.7,-112263,-136578,76702,79157
5712.7,-112376,-136579,76720,79192
5714.7,-112292,-136466,76733,79218
5716.7,-112216,-136394,76763,79232
5718.7,-112314,-136401,76813,79234
5720.7,-112382,-136426,76879,79212
5722.7,-112341,-136536,76981,79185
5724.7,-112422,-136721,77142,79200
5726.68,-112556,-136730,77377,79295
5728.65,-112404,-136501,77675,79477
5730.63,-112067,-136379,77952,79716
5732.6,-111893,-136519,78156,80027
5734.6,-111745,-136518,78367,80532
5736.6,-111280,-136000,78640,81292
5738.6,-110600,-135143,78848,82160
5740.6,-109998,-134308,78856,82949
5742.6,-109537,-133554,78685,83629
5744.6,-109254,-132784,78367,84230
5746.6,-109242,-132053,77861,84689
5748.6,-109394,-131495,77178,84897
5750.6,-109567,-131232,76396,84743
5752.6,-109906,-131476,75528,84061
5754.6,-110545,-132401,74501,82715
5756.6,-111259,-133762,73310,80869
5758.6,-111794,-134962,72142,79033
5760.6,-112209,-135637,71299,77688
5762.6,-112569,-135941,70950,76937
5764.6,-112742,-136201,71024,76604
5766.6,-112697,-136493,71384,76561
5768.6,-112576,-136702,71971,76762
5770.6,-112429,-136774,72702,77094
5772.6,-112263,-136751,73409,77415
5774.6,-112205,-136687,73997,77716
5776.6,-112288,-136650,74513,78050
5778.6,-112333,-136655,74980,78365
5780.6,-112245,-136622,75311,78550
5782.6,-112122,-136548,75467,78616
5784.6,-112084,-136539,75542,78666
5786.6,-112190,-136561,75599,78715
5788.6,-112381,-136485,75600,78690
5790.6,-112439,-136411,75554,78613
5792.6,-112280,-136513,75551,78602
5794.6,-112155,-136690,75606,78668
5796.6,-112266,-136785,75645,78709
5798.6,-112457,-136813,75654,78699
5800.6,-112484,-136747,75660,78686
5802.6,-112328,-136561,75645,78663
5804.6,-112153,-136458,75609,78615
5806.58,-112142,-136577,75605,78588
5808.55,-112303,-136711,75627,78597
5810.53,-112398,-136709,75629,78598
5812.5,-112294,-136673,75617,78587
5814.5,-112182,-136634,75605,78588
5816.5,-112223,-136533,75576,78589
5818.5,-112287,-136460,75571,78605
5820.5,-112261,-136447,75619,78661
5822.5,-112206,-136347,75640,78696
5824.5,-112150,-136193,75587,78659
5826.5,-112095,-136210,75556,78616
5828.5,-112141,-136349,75574,78609
5830.5,-112265,-136352,75535,78574
5832.5,-112257,-136233,75449,78518
5834.5,-112090,-136182,75439,78534
5836.5,-111988,-136148,75475,78597
5838.5,-112042,-136050,75457,78615
5840.5,-112129,-136057,75443,78623
5842.5,-112162,-136219,75497,78675
5844.5,-112124,-136263,75519,78697
5846.5,-112032,-136134,75449,78635
5848.5,-112011,-136115,75379,78557
5850.5,-112142,-136218,75360,78516
5852.5,-112264,-136154,75333,78495
5854.5,-112200,-135933,75285,78486
5856.5,-112037,-135825,75263,78486
5858.5,-111960,-135878,75269,78485
5860.5,-112022,-135954,75274,78492
5862.5,-112150,-135966,75261,78498
5864.5,-112194,-135888,75221,78466
5866.5,-112085,-135828,75185,78419
5868.5,-112023,-135979,75200,78427
5870.5,-112203,-136251,75239,78468
5872.5,-112420,-136344,75229,78468
5874.5,-112355,-136245,75170,78442
5876.5,-112106,-136147,75133,78455
5878.5,-111991,-136063,75136,78494
5880.5,-112080,-135952,75130,78498
5882.5,-112211,-135892,75089,78457
5884.5,-112241,-135877,75041,78403
5886.48,-112150,-135831,75001,78359
5888.45,-112058,-135804,74953,78330
5890.43,-112109,-135818,74905,78320
5892.4,-112234,-135771,74887,78332
5894.4,-112232,-135658,74888,78357
5896.4,-112094,-135565,74873,78379
5898.4,-111985,-135504,74860,78399
5900.4,-111997,-135539,74881,78424
5902.4,-112101,-135747,74915,78446
5904.4,-112208,-135912,74924,78457
5906.4,-112214,-135800,74911,78455
5908.4,-112113,-135626,74884,78436
5910.4,-112049,-135672,74837,78403
5912.4,-112122,-135783,74773,78365
5914.4,-112236,-135754,74721,78331
5916.4,-112211,-135664,74700,78320
5918.4,-112014,-135528,74690,78328
5920.4,-111847,-135284,74670,78330
5922.4,-111916,-135146,74677,78345
5924.4,-112106,-135280,74750,78416
5926.4,-112084,-135393,74816,78482
5928.4,-111809,-135237,74791,78462
5930.4,-111606,-135062,74736,78418
5932.4,-111665,-135126,74756,78459
5934.4,-111828,-135282,74832,78558
5936.4,-111881,-135280,74880,78625
5938.4,-111772,-135107,74865,78626
5940.4,-111599,-134969,74795,78575
5942.4,-111549,-135098,74730,78529
5944.4,-111686,-135404,74726,78544
5946.4,-111806,-135482,74724,78570
5948.4,-111749,-135225,74657,78539
5950.4,-111668,-135022,74597,78514
5952.4,-111728,-135082,74614,78546
5954.4,-111824,-135148,74616,78541
5956.4,-111815,-135062,74532,78458
5958.4,-111727,-134995,74454,78408
5960.4,-111614,-135007,74448,78428
5962.4,-111531,-134991,74449,78419
5964.4,-111591,-134996,74406,78366
5966.38,-111789,-135110,74366,78357
5968.35,-111888,-135213,74352,78387
5970.33,-111759,-135162,74320,78373
5972.3,-111600,-135020,74244,78311
5974.3,-111611,-134898,74149,78256
5976.3,-111711,-134848,74079,78223
5978.3,-111713,-134887,74070,78222
5980.3,-111610,-134924,74108,78263
5982.3,-111545,-134836,74127,78289
5984.3,-111642,-134731,74091,78241
5986.3,-111861,-134790,74049,78171
5988.3,-111999,-134892,74044,78164
5990.3,-111922,-134815,74026,78177
5992.3,-111766,-134644,73950,78134
5994.3,-111755,-134594,73883,78089
5996.3,-111896,-134678,73897,78119
5998.3,-112006,-134799,73942,78164
6000.3,-111972,-134870,73936,78135
6002.3,-111857,-134815,73904,78070
6004.3,-111817,-134678,73902,78053
6006.3,-111940,-134639,73910,78068
6008.3,-112095,-134736,73883,78045
6010.3,-112071,-134801,73827,77987
6012.3,-111890,-134732,73774,77947
6014.3,-111805,-134606,73732,77941
6016.3,-111941,-134569,73705,77946
6018.3,-112151,-134707,73705,77951
6020.3,-112256,-134906,73707,77949
6022.3,-112230,-134941,73662,77909
6024.3,-112172,-134825,73577,77828
6026.3,-112195,-134800,73529,77770
6028.3,-112313,-134898,73536,77770
6030.3,-112399,-134916,73530,77779
6032.3,-112337,-134817,73503,77786
6034.3,-112176,-134731,73524,77839
6036.3,-112062,-134662,73572,77898
6038.3,-112072,-134564,73551,77871
6040.3,-112152,-134507,73475,77794
6042.3,-112168,-134522,73424,77757
6044.3,-112063,-134537,73395,77738
6046.28,-111981,-134549,73363,77698
6048.25,-112086,-134595,73364,77698
6050.23,-112285,-134624,73391,77749
6052.2,-112322,-134574,73366,77757
6054.2,-112166,-134464,73279,77685
6056.2,-112058,-134372,73205,77619
6058.2,-112150,-134411,73194,77621
6060.2,-112301,-134606,73234,77662
6062.2,-112289,-134753,73270,77687
6064.2,-112124,-134667,73245,77661
6066.2,-112025,-134505,73171,77597
6068.2,-112126,-134528,73113,77545
6070.2,-112310,-134675,73080,77519
6072.2,-112359,-134676,73053,77503
6074.2,-112216,-134481,73052,77509
6076.2,-112049,-134300,73074,77541
6078.2,-112046,-134304,73062,77560
6080.2,-112187,-134454,73033,77557
6082.2,-112278,-134582,73046,77568
6084.2,-112238,-134556,73048,77564
6086.2,-112193,-134406,72963,77495
6088.2,-112248,-134299,72856,77411
6090.2,-112332,-134337,72824,77388
6092.2,-112341,-134436,72837,77412
6094.2,-112256,-134449,72825,77417
6096.2,-112123,-134357,72783,77379
6098.2,-112052,-134246,72741,77329
6100.2,-112144,-134160,72718,77311
6102.2,-112315,-134124,72705,77315
6104.2,-112352,-134188,72678,77292
6106.2,-112214,-134310,72650,77260
6108.2,-112093,-134338,72648,77271
6110.2,-112147,-134262,72640,77286
6112.2,-112321,-134278,72601,77258
6114.2,-112421,-134438,72572,77240
6116.2,-112319,-134501,72557,77246
6118.2,-112119,-134352,72503,77201
6120.2,-112054,-134224,72451,77139
6122.2,-112168,-134298,72468,77152
6124.2,-112258,-134407,72470,77157
6126.18,-112190,-134342,72371,77054
6128.15,-112065,-134158,72257,76946
6130.13,-112037,-134043,72219,76936
6132.1,-112136,-134086,72220,76959
6134.1,-112250,-134240,72228,76970
6136.1,-112227,-134357,72242,76990
6138.1,-112092,-134292,72205,76966
6140.1,-112084,-134096,72111,76876
6142.1,-112288,-133987,72060,76824
6144.1,-112429,-134044,72079,76849
6146.1,-112279,-134121,72080,76864
6148.1,-112019,-134089,72036,76849
6150.1,-111942,-133982,71990,76848
6152.1,-112036,-133904,71951,76840
6154.1,-112108,-133928,71922,76806
6156.1,-112090,-134005,71912,76787
6158.1,-112037,-133980,71893,76779
6160.1,-111995,-133848,71840,76741
6162.1,-111992,-133807,71795,76698
6164.1,-112063,-133925,71798,76699
6166.1,-112177,-134051,71827,76723
6168.1,-112211,-134120,71843,76728
6170.1,-112094,-134165,71839,76716
6172.1,-111954,-134118,71813,76703
6174.1,-111974,-133971,71754,76670
6176.1,-112117,-133911,71675,76601
6178.1,-112171,-134015,71626,76543
6180.1,-112075,-134109,71637,76545
6182.1,-111978,-134085,71667,76576
6184.1,-112009,-134052,71672,76584
6186.1,-112134,-134086,71682,76595
6188.1,-112196,-134112,71714,76626
6190.1,-112074,-134034,71723,76626
6192.1,-111895,-133860,71715,76609
6194.1,-111926,-133706,71770,76663
6196.1,-112155,-133639,71887,76783
6198.1,-112248,-133566,71969,76853
6200.1,-112063,-133417,71972,76831
6202.1,-111843,-133316,71930,76776
6204.1,-111835,-133355,71871,76729
6206.08,-112030,-133410,71816,76684
6208.05,-112236,-133363,71785,76642
6210.03,-112216,-133272,71773,76619
6212.0,-111951,-133218,71782,76643
6214.0,-111783,-133227,71829,76719
6216.0,-111925,-133263,71887,76790
6218.0,-112044,-133170,71906,76813
6220.0,-111884,-132889,71902,76826
6222.0,-111778,-132653,71939,76883
6224.0,-111919,-132612,72012,76955
6226.0,-111920,-132555,72064,76993
6228.0,-111678,-132407,72093,77023
6230.0,-111628,-132410,72126,77089
6232.0,-111777,-132480,72118,77131
6234.0,-111691,-132273,72023,77075
6236.0,-111480,-132003,71922,76990
6238.0,-111571,-132152,71913,76989
6240.0,-111803,-132495,71950,77041
6242.0,-111789,-132483,71945,77043
6244.0,-111642,-132243,71907,76992
6246.0,-111602,-132219,71868,76929
6248.0,-111632,-132367,71811,76853
6250.0,-111707,-132447,71747,76782
6252.0,-111863,-132497,71710,76751
6254.0,-111947,-132573,71673,76718
6256.0,-111830,-132602,71597,76645
6258.0,-111672,-132688,71503,76569
6260.0,-111669,-132975,71402,76492
6262.0,-111768,-133250,71268,76355
6264.0,-111813,-133264,71134,76188
6266.0,-111776,-133238,71072,76106
6268.0,-111748,-133462,71066,76111
6270.0,-111779,-133705,71027,76085
6272.0,-111819,-133649,70933,75995
6274.0,-111802,-133495,70858,75938
6276.0,-111721,-133550,70857,75969
6278.0,-111630,-133668,70882,76007
6280.0,-111597,-133612,70856,75965
6282.0,-111640,-133515,70792,75877
6284.0,-111692,-133565,70759,75826
6285.98,-111667,-133671,70763,75819
6287.95,-111582,-133674,70760,75815
6289.93,-111544,-133590,70749,75819
6291.9,-111619,-133503,70753,75841
6293.9,-111748,-133461,70746,75844
6295.9,-111791,-133480,70718,75815
6297.9,-111700,-133534,70701,75790
6299.9,-111623,-133585,70689,75762
6301.9,-111727,-133657,70649,75693
6303.9,-111911,-133752,70601,75615
6305.9,-111915,-133739,70559,75567
6307.9,-111717,-133516,70504,75535
6309.9,-111586,-133247,70490,75539
6311.9,-111691,-133204,70595,75620
6313.9,-111906,-133400,70742,75699
6315.9,-112017,-133567,70824,75685
6317.9,-111950,-133509,70905,75647
6319.9,-111793,-133318,71073,75677
6321.9,-111708,-133232,71295,75759
6323.9,-111758,-133335,71573,75916
6325.9,-111759,-133441,71910,76196
6327.9,-111486,-133331,72174,76534
6329.9,-110992,-133017,72320,76937
6331.9,-110507,-132611,72517,77584
6333.9,-110076,-132092,72770,78450
6335.9,-109581,-131429,72815,79228
6337.9,-109047,-130725,72593,79813
6339.9,-108655,-130034,72277,80362
6341.9,-108508,-129279,71824,80825
6343.9,-108566,-128543,71080,80980
6345.9,-108772,-128211,70190,80784
6347.9,-109123,-128618,69325,80172
6349.9,-109597,-129663,68312,78868
6351.9,-110136,-130874,67038,76939
6353.9,-110750,-131828,65839,75054
6355.9,-111451,-132425,65085,73770
6357.9,-112031,-132799,64810,73063
6359.9,-112156,-133062,64919,72749
6361.9,-111856,-133251,65371,72797
6363.8,-111574,-133398,66052,73089
6365.8,-111565,-133496,66792,73416
6367.8,-111614,-133437,67499,73717
6369.8,-111481,-133208,68142,74045
6371.8,-111248,-133044,68715,74397
6373.8,-111122,-133105,69247,74734
6375.8,-111162,-133177,69702,75008
6377.8,-111257,-133057,69986,75165
6379.8,-111242,-132949,70129,75239
6381.8,-111093,-133049,70252,75318
6383.8,-111004,-133182,70357,75386
6385.8,-111117,-133189,70387,75375
6387.8,-111272,-133131,70396,75330
6389.8,-111230,-132991,70435,75330
6391.8,-111032,-132738,70452,75350
6393.8,-110925,-132602,70449,75366
6395.8,-111011,-132735,70507,75412
6397.8,-111167,-132917,70594,75464
6399.8,-111222,-132944,70622,75454
6401.8,-111141,-132883,70617,75406
6403.8,-111034,-132811,70623,75369
6405.8,-111033,-132733,70615,75339
6407.8,-111149,-132730,70617,75348
6409.8,-111264,-132792,70678,75429
6411.8,-111242,-132763,70723,75494
6413.8,-111065,-132655,70702,75476
6415.8,-110901,-132651,70700,75454
6417.8,-110926,-132727,70742,75460
6419.8,-111059,-132698,70729,75412
6421.8,-111053,-132604,70687,75336
6423.8,-110894,-132626,70723,75345
6425.8,-110819,-132721,70799,75412
6427.8,-110915,-132713,70812,75439
6429.8,-111004,-132608,70797,75447
6431.8,-110950,-132536,70807,75472
6433.8,-110812,-132494,70803,75470
6435.8,-110697,-132427,70765,75437
6437.8,-110681,-132419,70743,75430
6439.8,-110774,-132518,70751,75441
6441.8,-110834,-132563,70764,75424
6443.7,-110704,-132433,70774,75380
6445.7,-110511,-132268,70772,75335
6447.7,-110527,-132242,70766,75313
6449.7,-110745,-132346,70806,75356
6451.7,-110879,-132440,70911,75469
6453.7,-110787,-132364,70991,75546
6455.7,-110621,-132116,70954,75492
6457.7,-110572,-131957,70871,75387
6459.7,-110649,-132047,70873,75383
6461.7,-110698,-132181,70946,75459
6463.7,-110612,-132180,70977,75470
6465.7,-110487,-132130,70964,75415
6467.7,-110485,-132021,70992,75422
6469.7,-110576,-131787,71063,75512
6471.7,-110595,-131673,71132,75606
6473.7,-110467,-131841,71205,75682
6475.7,-110247,-131917,71251,75724
6477.7,-110073,-131669,71210,75686
6479.7,-110092,-131549,71166,75641
6481.7,-110263,-131814,71238,75700
6483.7,-110319,-131930,71309,75757
6485.7,-110144,-131538,71224,75668
6487.7,-109973,-131166,71133,75580
6489.7,-110028,-131305,71232,75677
6491.7,-110201,-131608,71387,75828
6493.7,-110254,-131588,71400,75855
6495.7,-110125,-131406,71361,75838
6497.7,-109932,-131414,71419,75888
6499.7,-109832,-131524,71507,75934
6501.7,-109881,-131512,71508,75905
6503.7,-109966,-131455,71468,75863
6505.7,-109927,-131465,71479,75875
6507.7,-109769,-131438,71519,75912
6509.7,-109687,-131342,71520,75917
6511.7,-109808,-131341,71513,75917
6513.7,-109968,-131424,71570,75969
6515.68,-109906,-131339,71630,76019
6517.65,-109659,-131068,71607,75990
6519.63,-109536,-130904,71584,75955
6521.6,-109655,-130921,71649,75993
6523.6,-109795,-130880,71696,76016
6525.6,-109755,-130780,71677,75992
6527.6,-109601,-130858,71730,76051
6529.6,-109502,-131039,71854,76183
6531.6,-109536,-131037,71881,76219
6533.6,-109623,-130934,71829,76179
6535.6,-109587,-130930,71838,76194
6537.6,-109372,-130872,71871,76229
6539.6,-109183,-130661,71855,76211
6541.6,-109223,-130589,71864,76217
6543.6,-109388,-130749,71923,76272
6545.6,-109444,-130814,71948,76293
6547.6,-109352,-130687,71937,76281
6549.6,-109216,-130606,71938,76291
6551.6,-109122,-130602,71935,76299
6553.6,-109137,-130543,71943,76311
6555.6,-109244,-130488,72004,76364
6557.6,-109277,-130464,72034,76385
6559.6,-109139,-130341,71952,76291
6561.6,-109005,-130184,71865,76191
6563.6,-109060,-130217,71889,76214
6565.6,-109201,-130380,71947,76284
6567.6,-109204,-130450,71928,76282
6569.6,-109043,-130432,71865,76236
6571.6,-108919,-130438,71824,76210
6573.6,-109021,-130467,71804,76193
6575.6,-109266,-130471,71803,76175
6577.6,-109322,-130380,71828,76175
6579.6,-109038,-130129,71852,76180
6581.6,-108722,-129880,71869,76173
6583.6,-108714,-129870,71928,76203
6585.6,-108911,-130004,72043,76301
6587.6,-108976,-130020,72151,76406
6589.6,-108811,-129893,72201,76444
6591.6,-108593,-129687,72195,76420
6593.6,-108516,-129443,72167,76387
6595.58,-108599,-129418,72180,76407
6597.55,-108687,-129745,72273,76487
6599.53,-108661,-129986,72351,76531
6601.5,-108604,-129811,72315,76473
6603.5,-108644,-129641,72257,76408
6605.5,-108751,-129816,72318,76450
6607.5,-108826,-129917,72418,76527
6609.5,-108812,-129644,72418,76519
6611.5,-108695,-129440,72373,76473
6613.5,-108589,-129634,72390,76480
6615.5,-108669,-129879,72416,76495
6617.5,-108861,-129862,72385,76452
6619.5,-108898,-129791,72358,76391
6621.5,-108758,-129848,72384,76366
6623.5,-108672,-129849,72408,76360
6625.5,-108725,-129721,72390,76343
6627.5,-108829,-129710,72370,76329
6629.5,-108920,-129847,72381,76338
6631.5,-108922,-129816,72401,76359
6633.5,-108781,-129584,72412,76369
6635.5,-108668,-129508,72428,76374
6637.5,-108776,-129639,72452,76382
6639.5,-108952,-129691,72460,76380
6641.5,-108931,-129658,72460,76370
6643.5,-108771,-129698,72482,76374
6645.5,-108707,-129682,72491,76369
6647.5,-108775,-129523,72449,76326
6649.5,-108841,-129448,72418,76308
6651.5,-108811,-129485,72456,76369
6653.5,-108700,-129392,72493,76422
6655.5,-108633,-129267,72490,76402
6657.5,-108722,-129391,72528,76389
6659.5,-108845,-129559,72599,76421
6661.5,-108784,-129424,72583,76404
6663.5,-108586,-129211,72504,76346
6665.5,-108495,-129308,72514,76367
6667.5,-108571,-129554,72596,76443
6669.5,-108682,-129562,72613,76452
6671.5,-108734,-129350,72574,76417
6673.5,-108698,-129177,72569,76414
6675.48,-108596,-129152,72596,76420
6677.45,-108549,-129265,72638,76428
6679.43,-108639,-129463,72721,76499
6681.4,-108768,-129615,72797,76581
6683.4,-108788,-129620,72782,76563
6685.4,-108671,-129511,72719,76491
6687.4,-108501,-129353,72711,76493
6689.4,-108389,-129200,72758,76553
6691.4,-108387,-129135,72790,76576
6693.4,-108407,-129150,72780,76540
6695.4,-108336,-129107,72754,76492
6697.4,-108217,-128993,72757,76485
6699.4,-108180,-128981,72813,76543
6701.4,-108250,-129092,72869,76607
6703.4,-108321,-129124,72853,76594
6705.4,-108294,-129003,72795,76536
6707.4,-108194,-128871,72780,76529
6709.4,-108155,-128828,72813,76570
6711.4,-108235,-128845,72839,76591
6713.4,-108271,-128866,72837,76580
6715.4,-108080,-128827,72806,76555
6717.4,-107798,-128720,72745,76499
6719.4,-107792,-128689,72695,76438
6721.4,-108104,-128822,72720,76448
6723.4,-108305,-128952,72797,76516
6725.4,-108164,-128937,72838,76550
6727.4,-108032,-128903,72827,76530
6729.4,-108140,-128927,72817,76512
6731.4,-108177,-128873,72813,76502
6733.4,-108030,-128771,72801,76478
6735.4,-108052,-128822,72792,76464
6737.4,-108237,-128925,72773,76459
6739.4,-108159,-128833,72716,76414
6741.4,-107916,-128724,72673,76356
6743.4,-107974,-128885,72715,76380
6745.4,-108226,-129079,72790,76463
6747.4,-108257,-128987,72790,76487
6749.4,-108133,-128848,72727,76432
6751.4,-108089,-128929,72674,76373
6753.4,-108036,-128967,72642,76337
6755.38,-107946,-128778,72612,76305
6757.35,-108008,-128710,72612,76304
6759.33,-108150,-128910,72657,76353
6761.3,-108106,-128966,72683,76393
6763.3,-107965,-128727,72660,76379
6765.3,-108002,-128608,72649,76364
6767.3,-108115,-128747,72679,76373
6769.3,-108030,-128806,72685,76348
6771.3,-107851,-128756,72666,76308
6773.3,-107863,-128920,72714,76363
6775.3,-108030,-129217,72807,76480
6777.3,-108114,-129269,72817,76498
6779.3,-108052,-129069,72745,76414
6781.3,-107938,-128882,72703,76364
6783.3,-107871,-128811,72705,76372
6785.3,-107924,-128860,72713,76383
6787.3,-108060,-129019,72753,76416
6789.3,-108138,-129155,72814,76478
6791.3,-108099,-129159,72836,76512
6793.3,-108008,-129089,72844,76517
6795.3,-107926,-128995,72879,76524
6797.3,-107896,-128881,72873,76483
6799.3,-107918,-128819,72807,76397
6801.3,-107864,-128794,72786,76376
6803.3,-107666,-128676,72840,76441
6805.3,-107526,-128547,72880,76487
6807.3,-107631,-128617,72869,76488
6809.3,-107817,-128767,72834,76484
6811.3,-107822,-128726,72787,76463
6813.3,-107657,-128602,72773,76438
6815.3,-107534,-128663,72824,76452
6817.3,-107585,-128803,72858,76459
6819.3,-107756,-128770,72827,76422
6821.3,-107835,-128635,72838,76436
6823.3,-107699,-128596,72935,76537
6825.3,-107507,-128610,73018,76611
6827.3,-107493,-128548,73080,76650
6829.3,-107625,-128428,73217,76763
6831.3,-107692,-128309,73368,76901
6833.3,-107599,-128171,73398,76918
6835.28,-107429,-127985,73360,76860
6837.25,-107327,-127798,73369,76845
6839.23,-107381,-127731,73381,76832
6841.2,-107505,-127868,73342,76775
6843.2,-107522,-128080,73340,76777
6845.2,-107418,-128122,73420,76875
6847.2,-107366,-127995,73489,76956
6849.2,-107431,-127910,73505,76977
6851.2,-107472,-127840,73536,77013
6853.2,-107363,-127582,73600,77085
6855.2,-107171,-127245,73654,77145
6857.2,-107062,-127129,73685,77185
6859.2,-107128,-127171,73711,77214
6861.2,-107279,-127100,73730,77222
6863.2,-107315,-126964,73740,77231
6865.2,-107141,-126935,73740,77266
6867.2,-106901,-126943,73715,77299
6869.2,-106809,-126982,73695,77310
6871.2,-106902,-127201,73738,77346
6873.2,-107028,-127435,73802,77393
6875.2,-107017,-127348,73775,77359
6877.2,-106858,-127099,73678,77263
6879.2,-106723,-127100,73660,77240
6881.2,-106774,-127270,73725,77292
6883.2,-106935,-127274,73721,77270
6885.2,-106982,-127159,73631,77165
6887.2,-106887,-127145,73599,77119
6889.2,-106852,-127241,73630,77137
6891.2,-106987,-127430,73581,77081
6893.2,-107146,-127743,73433,76947
6895.2,-107141,-128045,73303,76835
6897.2,-106994,-128202,73236,76757
6899.2,-106904,-128339,73200,76686
6901.2,-106977,-128567,73182,76650
6903.2,-107065,-128736,73147,76630
6905.2,-106996,-128702,73047,76560
6907.2,-106847,-128561,72927,76476
6909.2,-106806,-128487,72883,76468
6911.2,-106900,-128529,72907,76508
6913.1,-107018,-128592,72909,76500
6915.1,-107035,-128550,72861,76436
6917.1,-106888,-128448,72806,76373
6919.1,-106692,-128459,72784,76340
6921.1,-106661,-128571,72794,76331
6923.1,-106793,-128588,72821,76343
6925.1,-106871,-128491,72854,76384
6927.1,-106802,-128441,72874,76431
6929.1,-106673,-128434,72865,76443
6931.1,-106582,-128362,72844,76420
6933.1,-106619,-128309,72845,76410
6935.1,-106787,-128399,72869,76430
6937.1,-106873,-128507,72864,76428
6939.1,-106726,-128498,72808,76373
6941.1,-106566,-128478,72759,76321
6943.1,-106651,-128532,72787,76349
6945.1,-106872,-128543,72872,76434
6947.1,-106988,-128457,72926,76469
6949.1,-106961,-128398,72938,76424
6951.1,-106888,-128418,72990,76390
6953.1,-106883,-128430,73120,76415
6955.1,-107006,-128381,73293,76463
6957.1,-107093,-128286,73524,76557
6959.1,-106897,-128197,73847,76765
6961.1,-106504,-128205,74176,77054
6963.1,-106217,-128296,74407,77386
6965.1,-106025,-128247,74606,77883
6967.1,-105643,-127853,74866,78634
6969.1,-105006,-127142,75050,79444
6971.1,-104359,-126324,74955,80064
6973.1,-103939,-125623,74628,80535
6975.1,-103768,-125083,74227,81013
6977.1,-103698,-124503,73726,81434
6979.1,-103603,-123845,73010,81591
6981.1,-103632,-123552,72108,81309
6983.1,-104060,-124063,71088,80409
6985.08,-104842,-125247,69958,78857
6987.05,-105612,-126621,68810,77031
6989.03,-106173,-127733,67830,75450
6991.0,-106609,-128261,67166,74334
6993.0,-106939,-128305,66939,73699
6995.0,-107073,-128404,67199,73560
6997.0,-107036,-128779,67780,73761
6999.0,-106927,-129039,68427,74016
7001.0,-106758,-128971,69090,74268
7003.0,-106554,-128882,69809,74621
7005.0,-106449,-128938,70486,75020
7007.0,-106522,-128968,71042,75358
7009.0,-106630,-128925,71541,75680
7011.0,-106557,-128871,71967,75975
7013.0,-106314,-128734,72193,76115
7015.0,-106178,-128531,72270,76127
7017.0,-106286,-128475,72380,76173
7019.0,-106424,-128587,72517,76247
7021.0,-106374,-128617,72545,76233
7023.0,-106238,-128448,72502,76180
7025.0,-106212,-128241,72518,76203
7027.0,-106313,-128174,72574,76264
7029.0,-106426,-128247,72591,76281
7031.0,-106437,-128360,72598,76274
7033.0,-106317,-128462,72635,76278
7035.0,-106208,-128548,72653,76257
7037.0,-106266,-128590,72634,76204
7039.0,-106385,-128595,72627,76172
7041.0,-106322,-128610,72650,76189
7043.0,-106085,-128571,72662,76229
7045.0,-105929,-128412,72656,76266
7047.0,-106025,-128303,72657,76294
7049.0,-106254,-128397,72672,76314
7051.0,-106335,-128481,72693,76331
7053.0,-106170,-128359,72712,76337
7055.0,-106000,-128261,72716,76324
7057.0,-106051,-128353,72695,76304
7059.0,-106195,-128391,72669,76289
7061.0,-106207,-128270,72669,76278
7063.0,-106113,-128246,72701,76288
7064.98,-106028,-128311,72730,76326
7066.95,-105971,-128176,72724,76347
7068.93,-106000,-127977,72709,76342
7070.9,-106127,-128106,72739,76365
7072.9,-106144,-128395,72789,76402
7074.9,-105926,-128396,72792,76386
7076.9,-105745,-128210,72769,76354
7078.9,-105846,-128224,72779,76380
7080.9,-106041,-128361,72799,76409
7082.9,-106060,-128312,72784,76373
7084.9,-105938,-128142,72758,76335
7086.9,-105840,-128120,72761,76354
7088.9,-105856,-128279,72795,76401
7090.9,-105979,-128444,72852,76457
7092.9,-106060,-128489,72905,76519
7094.9,-105923,-128411,72907,76531
7096.9,-105700,-128290,72856,76465
7098.9,-105718,-128223,72806,76391
7100.9,-105987,-128255,72781,76363
7102.9,-106162,-128332,72765,76374
7104.9,-106060,-128333,72761,76413
7106.9,-105873,-128227,72775,76464
7108.9,-105832,-128159,72794,76486
7110.9,-105924,-128221,72806,76477
7112.9,-105975,-128271,72823,76488
7114.9,-105879,-128201,72849,76523
7116.9,-105710,-128151,72875,76543
7118.9,-105618,-128186,72898,76554
7120.9,-105641,-128123,72913,76585
7122.9,-105657,-127956,72912,76615
7124.9,-105559,-127934,72917,76631
7126.9,-105411,-128016,72944,76649
7128.9,-105369,-127911,72958,76664
7130.9,-105464,-127730,72939,76668
7132.9,-105571,-127828,72931,76688
7134.9,-105575,-128060,72939,76704
7136.9,-105481,-128044,72908,76655
7138.9,-105371,-127933,72869,76591
7140.9,-105359,-128063,72914,76627
7142.9,-105499,-128219,72989,76711
7144.88,-105653,-128071,72972,76716
7146.85,-105592,-127839,72933,76699
7148.83,-105330,-127847,73008,76779
7150.8,-105170,-127956,73130,76890
7152.8,-105286,-127928,73147,76910
7154.8,-105465,-127835,73084,76869
7156.8,-105435,-127779,73049,76847
7158.8,-105245,-127711,73058,76851
7160.8,-105137,-127650,73077,76878
7162.8,-105190,-127682,73090,76921
7164.8,-105274,-127728,73077,76935
7166.8,-105256,-127671,73051,76918
7168.8,-105136,-127582,73061,76921
7170.8,-105042,-127572,73085,76928
7172.8,-105080,-127634,73079,76912
7174.8,-105173,-127725,73083,76931
7176.8,-105150,-127778,73120,76987
7178.8,-105020,-127687,73100,76959
7180.8,-104946,-127518,73001,76851
7182.8,-104988,-127490,72959,76827
7184.8,-105074,-127593,73018,76907
7186.8,-105134,-127624,73050,76955
7188.8,-105123,-127613,73013,76953
7190.8,-105048,-127671,72994,76977
7192.8,-105021,-127641,72996,76990
7194.8,-105109,-127446,72953,76930
7196.8,-105201,-127389,72898,76869
7198.8,-105173,-127580,72899,76875
7200.8,-105064,-127670,72908,76900
7202.8,-104996,-127540,72875,76903
7204.8,-105036,-127532,72858,76921
7206.8,-105181,-127735,72891,76969
7208.8,-105305,-127815,72902,76994
7210.8,-105248,-127670,72864,76976
7212.8,-105065,-127556,72845,76957
7214.8,-105006,-127583,72864,76959
7216.8,-105143,-127634,72858,76959
7218.8,-105254,-127646,72826,76951
7220.8,-105176,-127604,72821,76950
7222.8,-105034,-127509,72836,76954
7224.78,-105037,-127497,72856,76969
7226.75,-105199,-127660,72893,77005
7228.73,-105320,-127773,72911,77020
7230.7,-105186,-127621,72868,76984
7232.7,-104880,-127410,72838,76969
7234.7,-104790,-127453,72899,77026
7236.7,-105057,-127652,72972,77072
7238.7,-105265,-127702,72968,77051
7240.7,-105114,-127582,72929,77022
7242.7,-104954,-127501,72904,77007
7244.7,-105079,-127504,72870,76970
7246.7,-105172,-127463,72845,76941
7248.7,-105043,-127395,72858,76956
7250.7,-105037,-127466,72872,76957
7252.7,-105236,-127637,72868,76930
7254.7,-105263,-127664,72882,76946
7256.7,-105107,-127523,72904,76989
7258.7,-105113,-127445,72882,76967
7260.7,-105231,-127488,72839,76904
7262.7,-105198,-127481,72823,76890
7264.7,-105113,-127411,72822,76921
7266.7,-105143,-127433,72822,76943
7268.7,-105163,-127531,72829,76949
7270.7,-105131,-127533,72824,76945
7272.7,-105212,-127442,72799,76926
7274.7,-105364,-127444,72793,76915
7276.7,-105362,-127576,72815,76935
7278.7,-105266,-127656,72829,76962
7280.7,-105341,-127608,72836,76975
7282.7,-105533,-127579,72856,76976
7284.7,-105520,-127635,72852,76964
7286.7,-105273,-127627,72806,76934
7288.7,-105128,-127520,72771,76907
7290.7,-105248,-127506,72783,76898
7292.7,-105401,-127636,72804,76897
7294.7,-105344,-127692,72800,76888
7296.7,-105148,-127582,72781,76870
7298.7,-105060,-127512,72760,76852
7300.7,-105172,-127622,72747,76849
7302.7,-105326,-127769,72758,76873
7304.68,-105354,-127801,72794,76914
7306.65,-105288,-127779,72821,76942
7308.63,-105236,-127775,72804,76939
7310.6,-105205,-127732,72756,76924
7312.6,-105194,-127657,72742,76945
7314.6,-105233,-127660,72775,76991
7316.6,-105236,-127715,72776,76986
7318.6,-105109,-127704,72718,76923
7320.6,-104998,-127690,72694,76896
7322.6,-105103,-127794,72725,76921
7324.6,-105325,-127906,72707,76902
7326.6,-105397,-127869,72628,76840
7328.6,-105269,-127748,72591,76824
7330.6,-105130,-127673,72596,76834
7332.6,-105163,-127684,72567,76802
7334.6,-105335,-127805,72540,76784
7336.6,-105424,-127953,72568,76836
7338.6,-105308,-127918,72586,76872
7340.6,-105139,-127698,72535,76827
7342.6,-105111,-127584,72467,76773
7344.6,-105202,-127687,72443,76778
7346.6,-105277,-127795,72465,76821
7348.6,-105248,-127780,72505,76857
7350.6,-105133,-127720,72516,76857
7352.6,-105062,-127649,72479,76814
7354.6,-105121,-127556,72446,76785
7356.6,-105174,-127513,72459,76810
7358.6,-105065,-127544,72463,76826
7360.6,-104909,-127556,72414,76778
7362.6,-104895,-127509,72364,76724
7364.6,-104977,-127459,72349,76714
7366.6,-105007,-127433,72331,76707
7368.6,-104951,-127435,72305,76685
7370.6,-104849,-127503,72316,76692
7372.6,-104780,-127613,72342,76724
7374.6,-104843,-127693,72326,76726
7376.6,-104984,-127743,72291,76699
7378.6,-105010,-127755,72275,76675
7380.6,-104888,-127654,72244,76637
7382.6,-104809,-127501,72195,76594
7384.58,-104896,-127513,72187,76590
7386.55,-105089,-127683,72185,76584
7388.53,-105253,-127756,72100,76503
7390.5,-105254,-127693,72002,76421
7392.5,-105086,-127703,72018,76452
7394.5,-104962,-127772,72076,76526
7396.5,-105046,-127736,72042,76512
7398.5,-105180,-127723,71980,76464
7400.5,-105129,-127905,72002,76490
7402.5,-104949,-128055,72030,76530
7404.5,-104869,-127942,71964,76480
7406.5,-104996,-127811,71885,76400
7408.5,-105233,-127946,71904,76402
7410.5,-105344,-128170,71974,76464
7412.5,-105201,-128176,71984,76493
7414.5,-105017,-127988,71925,76464
7416.5,-105076,-127817,71861,76417
7418.5,-105272,-127764,71840,76391
7420.5,-105282,-127805,71849,76393
7422.5,-105082,-127890,71843,76388
7424.5,-104924,-128004,71804,76347
7426.5,-104959,-128141,71765,76305
7428.5,-105134,-128198,71757,76313
7430.5,-105278,-128062,71757,76344
7432.5,-105245,-127875,71730,76336
7434.5,-105100,-127924,71697,76311
7436.5,-105072,-128189,71707,76329
7438.5,-105209,-128355,71743,76372
7440.5,-105325,-128322,71741,76367
7442.5,-105298,-128267,71693,76308
7444.5,-105185,-128240,71654,76257
7446.5,-105114,-128149,71638,76230
7448.5,-105176,-128084,71611,76197
7450.5,-105302,-128162,71575,76176
7452.5,-105295,-128232,71567,76199
7454.5,-105120,-128121,71566,76223
7456.5,-104984,-127952,71536,76207
7458.5,-105014,-127915,71528,76205
7460.5,-105118,-127987,71590,76263
7462.4,-105149,-128061,71650,76306
7464.4,-105037,-128090,71619,76265
7466.4,-104860,-128060,71554,76208
7468.4,-104858,-128020,71564,76233
7470.4,-105087,-128014,71616,76301
7472.4,-105204,-127940,71615,76310
7474.4,-104979,-127697,71588,76288
7476.4,-104703,-127421,71627,76330
7478.4,-104716,-127299,71716,76420
7480.4,-104907,-127295,71773,76461
7482.4,-105006,-127260,71810,76462
7484.4,-104951,-127176,71862,76497
7486.4,-104830,-127143,71887,76534
7488.4,-104793,-127226,71842,76496
7490.4,-104963,-127379,71782,76417
7492.4,-105195,-127478,71773,76390
7494.4,-105192,-127417,71798,76417
7496.4,-104988,-127230,71795,76426
7498.4,-104897,-127091,71760,76412
7500.4,-104985,-127118,71765,76453
7502.4,-105030,-127135,71839,76552
7504.4,-104943,-126917,71917,76627
7506.4,-104844,-126645,71964,76658
7508.4,-104824,-126642,72017,76716
7510.4,-104884,-126770,72075,76800
7512.4,-104985,-126683,72079,76828
7514.4,-105009,-126483,72046,76805
7516.4,-104860,-126497,72042,76800
7518.4,-104645,-126668,72061,76821
7520.4,-104591,-126725,72049,76819
7522.4,-104743,-126670,72011,76791
7524.4,-104890,-126707,71998,76780
7526.4,-104848,-126850,72018,76795
7528.4,-104692,-126891,72003,76777
7530.4,-104632,-126796,71916,76689
7532.4,-104741,-126879,71838,76616
7534.4,-104901,-127271,71849,76633
7536.4,-104958,-127563,71879,76646
7538.4,-104875,-127473,71810,76544
7540.4,-104789,-127409,71676,76413
7542.3,-104883,-127755,71569,76359
7544.3,-105112,-128183,71476,76306
7546.3,-105195,-128299,71348,76166
7548.3,-105061,-128280,71213,76012
7550.3,-104986,-128359,71115,75925
7552.3,-105126,-128403,71034,75870
7554.3,-105258,-128351,70966,75817
7556.3,-105185,-128380,70937,75796
7558.3,-105026,-128481,70928,75789
7560.3,-104967,-128501,70895,75744
7562.3,-105054,-128530,70855,75686
7564.3,-105226,-128678,70847,75674
7566.3,-105327,-128749,70842,75680
7568.3,-105216,-128603,70805,75648
7570.3,-105002,-128448,70774,75613
7572.3,-104943,-128452,70776,75623
7574.3,-105060,-128515,70771,75647
7576.3,-105140,-128538,70737,75651
7578.3,-105083,-128510,70707,75650
7580.3,-104976,-128427,70691,75650
7582.3,-104909,-128353,70660,75615
7584.3,-104925,-128367,70623,75545
7586.3,-105016,-128426,70614,75494
7588.3,-105066,-128480,70645,75500
7590.3,-105010,-128525,70691,75545
7592.3,-104978,-128460,70720,75579
7594.3,-105101,-128264,70730,75574
7596.3,-105280,-128175,70760,75555
7598.3,-105343,-128299,70849,75564
7600.3,-105264,-128383,70979,75601
7602.3,-105155,-128308,71115,75624
7604.3,-105155,-128285,71289,75655
7606.3,-105271,-128389,71561,75788
7608.3,-105262,-128481,71890,76043
7610.3,-104890,-128497,72137,76328
7612.3,-104306,-128325,72259,76645
7614.28,-103867,-127801,72383,77169
7616.25,-103610,-127132,72585,77954
7618.23,-103260,-126691,72712,78755
7620.2,-102720,-126335,72581,79337
7622.2,-102225,-125720,72228,79779
7624.2,-102026,-124978,71756,80205
7626.2,-102122,-124335,71094,80455
7628.2,-102333,-123796,70151,80255
7630.2,-102601,-123776,69067,79516
7632.2,-103064,-124886,68042,78288
7634.2,-103780,-126687,67043,76676
7636.2,-104552,-128005,66012,74987
7638.2,-105161,-128523,65180,73680
7640.2,-105531,-128772,64834,72969
7642.2,-105648,-128964,64934,72697
7644.2,-105590,-129049,65274,72663
7646.2,-105551,-129194,65781,72808
7648.2,-105581,-129377,66433,73075
7650.2,-105497,-129331,67142,73409
7652.2,-105229,-129178,67870,73848
7654.2,-104971,-129222,68586,74363
7656.2,-104895,-129322,69138,74746
7658.2,-104957,-129228,69441,74890
7660.2,-105023,-129046,69620,74940
7662.2,-104992,-128902,69780,75009
7664.2,-104866,-128760,69886,75054
7666.2,-104795,-128704,69950,75072
7668.2,-104918,-128825,70017,75106
7670.2,-105125,-128948,70041,75119
7672.2,-105161,-128884,70017,75109
7674.2,-104991,-128726,70048,75152
7676.2,-104870,-128663,70127,75220
7678.2,-104975,-128731,70153,75217
7680.2,-105138,-128800,70154,75191
7682.2,-105100,-128721,70197,75222
7684.2,-104901,-128549,70216,75247
7686.2,-104808,-128527,70170,75215
7688.2,-104911,-128707,70157,75203
7690.2,-105030,-128814,70197,75236
7692.2,-105010,-128677,70188,75242
7694.18,-104878,-128476,70142,75233
7696.15,-104749,-128413,70160,75264
7698.13,-104713,-128445,70211,75292
7700.1,-104785,-128466,70197,75263
7702.1,-104882,-128493,70147,75224
7704.1,-104911,-128565,70127,75207
7706.1,-104884,-128625,70116,75182
7708.1,-104867,-128617,70098,75167
7710.1,-104885,-128590,70118,75211
7712.1,-104924,-128590,70157,75273
7714.1,-104940,-128564,70145,75272
7716.1,-104863,-128495,70093,75224
7718.1,-104722,-128490,70080,75205
7720.1,-104688,-128576,70114,75224
7722.1,-104819,-128607,70115,75217
7724.1,-104924,-128517,70062,75159
7726.1,-104845,-128447,70037,75122
7728.1,-104693,-128476,70090,75171
7730.1,-104658,-128501,70146,75237
7732.1,-104783,-128472,70129,75230
7734.1,-104948,-128474,70087,75193
7736.1,-104939,-128464,70084,75203
7738.1,-104719,-128332,70094,75220
7740.1,-104619,-128241,70092,75208
7742.1,-104839,-128412,70098,75202
7744.1,-104988,-128629,70084,75186
7746.1,-104769,-128563,70020,75111
7748.1,-104580,-128352,69965,75036
7750.1,-104723,-128255,69974,75045
7752.1,-104836,-128196,70006,75098
7754.1,-104749,-128097,70018,75123
7756.1,-104794,-128066,70017,75126
7758.1,-104923,-128048,70006,75126
7760.1,-104780,-127963,70000,75125
7762.1,-104569,-128032,70038,75143
7764.1,-104661,-128366,70110,75195
7766.1,-104813,-128639,70164,75255
7768.1,-104732,-128590,70167,75275
7770.1,-104613,-128357,70119,75237
7772.1,-104576,-128182,70072,75200
7774.08,-104470,-128153,70096,75244
7776.05,-104365,-128160,70159,75318
7778.03,-104428,-128058,70160,75318
7780.0,-104517,-127985,70143,75300
7782.0,-104463,-128173,70216,75376
7784.0,-104398,-128397,70311,75465
7786.0,-104459,-128300,70313,75454
7788.0,-104548,-128106,70287,75428
7790.0,-104516,-128170,70315,75466
7792.0,-104355,-128235,70318,75475
7794.0,-104205,-128010,70251,75420
7796.0,-104210,-127814,70218,75413
7798.0,-104313,-127886,70258,75476
7800.0,-104298,-127874,70288,75508
7802.0,-104125,-127595,70262,75488
7804.0,-104013,-127449,70238,75483
7806.0,-104111,-127653,70269,75529
7808.0,-104296,-127852,70335,75601
7810.0,-104352,-127773,70362,75640
7812.0,-104216,-127604,70311,75602
7814.0,-104030,-127573,70252,75546
7816.0,-103988,-127651,70281,75583
7818.0,-104105,-127733,70361,75682
7820.0,-104202,-127772,70385,75717
7822.0,-104165,-127741,70350,75679
7824.0,-104060,-127646,70328,75656
7826.0,-103988,-127568,70334,75664
7828.0,-104005,-127575,70335,75669
7830.0,-104110,-127613,70325,75683
7832.0,-104178,-127577,70308,75703
7834.0,-104067,-127481,70281,75688
7836.0,-103890,-127430,70266,75658
7838.0,-103883,-127432,70284,75673
7840.0,-104014,-127403,70300,75702
7842.0,-104030,-127351,70265,75666
7844.0,-103888,-127354,70190,75584
7846.0,-103786,-127407,70130,75540
7848.0,-103852,-127477,70118,75556
7850.0,-104007,-127562,70134,75585
7852.0,-104081,-127587,70133,75597
7853.98,-103971,-127477,70108,75602
7855.95,-103765,-127347,70086,75604
7857.93,-103680,-127356,70066,75590
7859.9,-103801,-127441,70030,75567
7861.9,-103969,-127472,70002,75575
7863.9,-104006,-127450,69999,75596
7865.9,-103928,-127394,69970,75562
7867.9,-103884,-127325,69919,75488
7869.9,-103936,-127361,69935,75488
7871.9,-103999,-127504,70012,75566
7873.9,-103980,-127527,70032,75595
7875.9,-103902,-127378,69989,75546
7877.9,-103852,-127321,69993,75524
7879.9,-103872,-127426,70045,75559
7881.9,-103954,-127420,70062,75584
7883.9,-104043,-127242,70050,75576
7885.9,-104054,-127164,70050,75556
7887.9,-103991,-127259,70030,75516
7889.9,-104006,-127309,69987,75477
7891.9,-104183,-127284,69999,75494
7893.9,-104349,-127307,70059,75540
7895.9,-104303,-127263,70049,75511
7897.9,-104103,-127015,69945,75396
7899.9,-103990,-126839,69888,75330
7901.9,-104083,-127045,69971,75403
7903.9,-104256,-127405,70102,75528
7905.9,-104297,-127500,70143,75564
7907.9,-104176,-127373,70107,75516
7909.9,-104101,-127350,70103,75493
7911.9,-104241,-127479,70141,75521
7913.9,-104451,-127577,70151,75529
7915.9,-104465,-127578,70134,75507
7917.9,-104281,-127540,70137,75498
7919.9,-104173,-127495,70136,75483
7921.9,-104304,-127471,70101,75440
7923.9,-104522,-127513,70097,75433
7925.9,-104572,-127583,70150,75488
7927.9,-104425,-127596,70161,75516
7929.9,-104298,-127539,70089,75472
7931.9,-104340,-127449,70026,75423
7933.88,-104455,-127335,70015,75401
7935.85,-104471,-127238,70003,75368
7937.83,-104353,-127227,69984,75338
7939.8,-104224,-127281,70001,75349
7941.8,-104252,-127327,70033,75366
7943.8,-104470,-127374,70030,75354
7945.8,-104663,-127428,70006,75342
7947.8,-104614,-127430,69981,75341
7949.8,-104433,-127413,69949,75320
7951.8,-104383,-127485,69920,75288
7953.8,-104474,-127588,69909,75276
7955.8,-104546,-127577,69897,75267
7957.8,-104549,-127493,69873,75244
7959.8,-104502,-127452,69874,75233
7961.8,-104414,-127426,69899,75239
7963.8,-104387,-127383,69886,75222
7965.8,-104489,-127390,69824,75177
7967.8,-104544,-127414,69767,75142
7969.8,-104387,-127341,69739,75119
7971.8,-104193,-127251,69717,75101
7973.8,-104224,-127324,69727,75123
7975.8,-104428,-127503,69789,75199
7977.8,-104547,-127585,69843,75261
7979.8,-104454,-127531,69828,75242
7981.8,-104271,-127444,69773,75168
7983.8,-104240,-127394,69730,75108
7985.8,-104437,-127417,69706,75086
7987.8,-104606,-127499,69693,75082
7989.8,-104498,-127525,69690,75077
7991.8,-104295,-127459,69681,75072
7993.8,-104323,-127460,69666,75075
7995.8,-104510,-127583,69672,75087
7997.8,-104547,-127640,69697,75101
7999.8,-104393,-127539,69698,75110
8001.8,-104250,-127440,69656,75094
8003.8,-104240,-127423,69602,75048
8005.8,-104352,-127391,69574,75010
8007.8,-104491,-127337,69565,75009
8009.8,-104530,-127325,69540,75008
8011.8,-104450,-127291,69489,74977
8013.78,-104369,-127234,69448,74955
8015.75,-104366,-127328,69447,74967
8017.73,-104414,-127572,69464,74973
8019.7,-104465,-127692,69467,74946
8021.7,-104453,-127594,69441,74904
8023.7,-104381,-127477,69395,74864
8025.7,-104404,-127443,69352,74825
8027.7,-104609,-127442,69329,74797
8029.7,-104787,-127475,69309,74772
8031.7,-104721,-127486,69274,74738
8033.7,-104535,-127340,69231,74705
8035.7,-104475,-127152,69201,74689
8037.7,-104570,-127190,69191,74684
8039.7,-104688,-127368,69187,74673
8041.7,-104707,-127399,69170,74653
8043.7,-104587,-127376,69174,74656
8045.7,-104469,-127569,69252,74730
8047.7,-104557,-127876,69358,74845
8049.7,-104771,-128031,69393,74904
8051.7,-104803,-128019,69369,74886
8053.7,-104622,-127895,69343,74852
8055.7,-104525,-127677,69283,74796
8057.7,-104665,-127575,69195,74709
8059.7,-104851,-127782,69198,74687
8061.7,-104865,-128058,69308,74780
8063.7,-104727,-128070,69360,74856
8065.7,-104642,-127956,69281,74808
8067.7,-104761,-128037,69188,74726
8069.7,-104963,-128230,69148,74697
8071.7,-104992,-128247,69108,74679
8073.7,-104819,-128116,69069,74647
8075.7,-104661,-128043,69067,74643
8077.7,-104654,-128032,69069,74648
8079.7,-104744,-128011,69045,74621
8081.7,-104817,-128025,69021,74585
8083.7,-104766,-128014,68995,74565
8085.7,-104596,-127828,68962,74558
8087.7,-104499,-127611,68986,74593
8089.7,-104592,-127655,69066,74669
8091.7,-104694,-127859,69095,74693
8093.68,-104625,-127908,69052,74636
8095.65,-104495,-127844,69038,74601
8097.63,-104471,-127898,69074,74640
8099.6,-104531,-128008,69086,74671
8101.6,-104568,-127995,69063,74643
8103.6,-104532,-127888,69053,74603
8105.6,-104432,-127778,69060,74595
8107.6,-104372,-127670,69059,74600
8109.6,-104460,-127600,69039,74589
8111.6,-104626,-127603,69010,74572
8113.6,-104679,-127628,69008,74583
8115.6,-104569,-127639,69035,74613
8117.6,-104432,-127679,69038,74608
8119.6,-104441,-127761,69007,74573
8121.6,-104627,-127842,68998,74569
8123.6,-104781,-127869,69020,74598
8125.6,-104672,-127796,69027,74613
8127.6,-104422,-127648,69039,74631
8129.6,-104385,-127536,69117,74707
8131.6,-104600,-127481,69234,74822
8133.6,-104755,-127377,69317,74896
8135.6,-104693,-127196,69361,74911
8137.6,-104563,-127063,69412,74926
8139.6,-104516,-127049,69467,74961
8141.6,-104571,-127091,69478,74959
8143.6,-104674,-127115,69443,74907
8145.6,-104714,-127101,69425,74888
8147.6,-104634,-127036,69438,74933
8149.6,-104558,-126942,69435,74962
8151.6,-104600,-126887,69420,74953
8153.6,-104670,-126869,69437,74970
8155.6,-104630,-126802,69478,75021
8157.6,-104496,-126682,69527,75083
8159.6,-104389,-126548,69602,75169
8161.6,-104419,-126348,69659,75244
8163.6,-104579,-126143,69649,75251
8165.6,-104679,-126146,69649,75260
8167.6,-104561,-126240,69709,75328
8169.6,-104351,-126066,69709,75342
8171.6,-104283,-125833,69627,75276
8173.58,-104372,-126073,69630,75297
8175.55,-104465,-126506,69710,75393
8177.53,-104444,-126375,69653,75341
8179.5,-104285,-125841,69484,75175
8181.5,-104118,-125742,69452,75149
8183.5,-104161,-126198,69558,75259
8185.5,-104390,-126621,69586,75287
8187.5,-104520,-126734,69506,75212
8189.5,-104470,-126760,69461,75167
8191.5,-104485,-126908,69466,75148
8193.5,-104670,-127158,69415,75066
8195.5,-104828,-127367,69279,74926
8197.5,-104825,-127486,69119,74779
8199.5,-104753,-127656,68986,74638
8201.5,-104741,-127938,68892,74520
8203.5,-104795,-128135,68862,74474
8205.5,-104824,-128112,68902,74516
8207.5,-104746,-128002,68934,74567
8209.5,-104596,-127934,68876,74527
8211.5,-104481,-127909,68779,74427
8213.5,-104476,-127956,68754,74376
8215.5,-104588,-128081,68779,74385
8217.5,-104710,-128144,68760,74368
8219.5,-104676,-128080,68702,74306
8221.5,-104494,-127995,68658,74238
8223.5,-104402,-127912,68610,74183
8225.5,-104521,-127789,68566,74168
8227.5,-104688,-127776,68592,74236
8229.5,-104735,-127976,68669,74330
8231.5,-104665,-128120,68685,74338
8233.5,-104536,-127980,68623,74271
8235.5,-104452,-127809,68581,74229
8237.5,-104561,-127880,68587,74219
8239.5,-104785,-128022,68581,74183
8241.5,-104795,-127995,68555,74141
8243.5,-104556,-127899,68549,74136
8245.5,-104503,-127910,68559,74147
8247.5,-104822,-127969,68592,74174
8249.5,-105079,-127936,68684,74236
8251.5,-104990,-127839,68799,74274
8253.48,-104886,-127841,68884,74246
8255.45,-104978,-127966,68998,74244
8257.43,-104989,-128026,69219,74340
8259.4,-104855,-127946,69522,74504
8261.4,-104804,-127899,69847,74737
8263.4,-104681,-127921,70129,75051
8265.4,-104207,-127785,70312,75412
8267.4,-103657,-127445,70474,75907
8269.4,-103324,-127066,70727,76662
8271.4,-102932,-126581,70917,77479
8273.4,-102327,-125836,70791,78033
8275.4,-101885,-125056,70419,78392
8277.4,-101758,-124489,70000,78802
8279.4,-101685,-123956,69449,79129
8281.4,-101700,-123454,68625,79059
8283.4,-102099,-123568,67635,78479
8285.4,-102764,-124553,66581,77324
8287.4,-103342,-125790,65419,75621
8289.4,-103870,-126721,64265,73825
8291.4,-104538,-127421,63402,72506
8293.4,-105144,-127932,62954,71755
8295.4,-105364,-128103,62903,71382
8297.4,-105262,-128137,63228,71338
8299.4,-105132,-128284,63796,71553
8301.4,-105090,-128315,64390,71802
8303.4,-105084,-128094,64981,72032
8305.4,-105028,-128002,65653,72383
8307.4,-104867,-128216,66330,72828
8309.4,-104707,-128405,66875,73196
8311.4,-104742,-128383,67302,73462
8313.4,-104912,-128258,67632,73663
8315.4,-104938,-128066,67793,73736
8317.4,-104779,-127904,67821,73685
8319.4,-104664,-128025,67895,73673
8321.4,-104702,-128386,68067,73782
8323.4,-104795,-128623,68217,73911
8325.4,-104842,-128566,68280,73975
8327.4,-104802,-128340,68292,73989
8329.4,-104696,-128093,68270,73978
8331.3,-104615,-127949,68244,73966
8333.3,-104626,-127960,68273,73993
8335.3,-104676,-127963,68322,74035
8337.3,-104667,-127845,68298,74016
8339.3,-104574,-127832,68239,73956
8341.3,-104499,-128116,68274,73969
8343.3,-104571,-128437,68382,74062
8345.3,-104740,-128474,68429,74125
8347.3,-104793,-128339,68398,74124
8349.3,-104679,-128285,68378,74127
8351.3,-104586,-128292,68389,74144
8353.3,-104628,-128266,68381,74122
8355.3,-104713,-128266,68361,74068
8357.3,-104741,-128267,68358,74038
8359.3,-104688,-128155,68363,74034
8361.3,-104598,-128032,68367,74027
8363.3,-104614,-128087,68382,74031
8365.3,-104806,-128198,68399,74066
8367.3,-104957,-128125,68395,74106
8369.3,-104827,-127948,68381,74121
8371.3,-104571,-127906,68391,74124
8373.3,-104527,-128018,68422,74138
8375.3,-104691,-128151,68441,74154
8377.3,-104789,-128224,68425,74144
8379.3,-104717,-128210,68385,74104
8381.3,-104595,-128116,68351,74057
8383.3,-104529,-128016,68340,74037
8385.3,-104545,-127974,68356,74063
8387.3,-104619,-127977,68397,74114
8389.3,-104675,-127981,68436,74139
8391.3,-104672,-127959,68437,74118
8393.3,-104672,-127916,68420,74098
8395.3,-104713,-127902,68438,74123
8397.3,-104734,-127950,68483,74169
8399.3,-104678,-127975,68494,74184
8401.3,-104551,-127875,68465,74166
8403.28,-104418,-127714,68450,74173
8405.25,-104409,-127654,68475,74231
8407.23,-104581,-127720,68508,74292
8409.2,-104753,-127791,68517,74301
8411.2,-104705,-127781,68512,74277
8413.2,-104505,-127716,68513,74262
8415.2,-104404,-127653,68506,74244
8417.2,-104498,-127636,68508,74219
8419.2,-104665,-127690,68565,74250
8421.2,-104711,-127746,68647,74331
8423.2,-104535,-127648,68644,74345
8425.2,-104300,-127400,68562,74269
8427.2,-104313,-127279,68537,74243
8429.2,-104565,-127447,68608,74318
8431.2,-104672,-127643,68659,74380
8433.2,-104474,-127603,68638,74366
8435.2,-104294,-127480,68607,74345
8437.2,-104385,-127499,68614,74361
8439.2,-104561,-127556,68644,74387
8441.2,-104571,-127499,68675,74402
8443.2,-104443,-127388,68697,74407
8445.2,-104329,-127297,68711,74413
8447.2,-104322,-127235,68726,74428
8449.2,-104418,-127228,68724,74435
8451.2,-104483,-127228,68711,74424
8453.2,-104372,-127169,68742,74444
8455.2,-104186,-127210,68827,74516
8457.2,-104159,-127507,68906,74588
8459.2,-104292,-127771,68928,74610
8461.2,-104371,-127628,68888,74578
8463.2,-104306,-127271,68822,74534
8465.2,-104202,-127192,68829,74571
8467.2,-104175,-127388,68940,74703
8469.2,-104253,-127441,69009,74778
8471.2,-104365,-127295,68964,74730
8473.2,-104391,-127314,68968,74732
8475.2,-104297,-127557,69088,74853
8477.2,-104189,-127637,69134,74897
8479.2,-104164,-127416,69031,74790
8481.2,-104204,-127214,68945,74710
8483.18,-104221,-127225,68957,74739
8485.15,-104161,-127274,68978,74783
8487.13,-104075,-127238,68976,74811
8489.1,-104083,-127207,68968,74835
8491.1,-104191,-127242,68931,74817
8493.1,-104240,-127266,68883,74770
8495.1,-104114,-127188,68862,74750
8497.1,-103927,-127028,68836,74736
8499.1,-103898,-126942,68800,74717
8501.1,-104082,-127029,68824,74759
8503.1,-104264,-127124,68892,74845
8505.1,-104215,-127021,68888,74864
8507.1,-104029,-126847,68814,74815
8509.1,-104017,-126880,68780,74796
8511.1,-104237,-127082,68805,74827
8513.1,-104400,-127176,68822,74853
8515.1,-104307,-127090,68804,74842
8517.1,-104108,-126998,68766,74791
8519.1,-104028,-127006,68730,74737
8521.1,-104102,-127057,68737,74749
8523.1,-104215,-127092,68786,74819
8525.1,-104253,-127108,68821,74858
8527.1,-104190,-127100,68825,74851
8529.1,-104096,-127034,68837,74858
8531.1,-104080,-126909,68850,74868
8533.1,-104176,-126807,68835,74833
8535.1,-104284,-126821,68817,74786
8537.1,-104280,-126894,68811,74757
8539.1,-104192,-126879,68781,74709
8541.1,-104207,-126811,68746,74662
8543.1,-104373,-126847,68771,74685
8545.1,-104490,-126938,68827,74741
8547.1,-104422,-126936,68838,74752
8549.1,-104305,-126951,68834,74752
8551.1,-104319,-127133,68868,74780
8553.1,-104467,-127295,68895,74774
8555.1,-104627,-127234,68875,74710
8557.1,-104651,-127094,68857,74675
8559.1,-104489,-127042,68872,74686
8561.1,-104329,-126998,68873,74669
8563.08,-104389,-126935,68853,74623
8565.05,-104573,-126959,68864,74627
8567.03,-104643,-127039,68910,74686
8569.0,-104609,-127047,68924,74708
8571.0,-104639,-126992,68869,74649
8573.0,-104749,-126980,68809,74581
8575.0,-104847,-127078,68827,74598
8577.0,-104868,-127280,68900,74677
8579.0,-104803,-127444,68938,74714
8581.0,-104730,-127429,68913,74679
8583.0,-104763,-127323,68876,74638
8585.0,-104879,-127288,68860,74630
8587.0,-104944,-127276,68858,74641
8589.0,-104900,-127212,68851,74651
8591.0,-104807,-127231,68829,74637
8593.0,-104792,-127423,68815,74607
8595.0,-104931,-127571,68826,74591
8597.0,-105090,-127437,68806,74561
8599.0,-105037,-127160,68733,74493
8601.0,-104826,-127082,68723,74485
8603.0,-104749,-127270,68826,74602
8605.0,-104887,-127491,68896,74705
8607.0,-105051,-127601,68842,74672
8609.0,-105106,-127620,68780,74597
8611.0,-105063,-127569,68776,74572
8613.0,-104982,-127525,68769,74550
8615.0,-104952,-127598,68758,74523
8617.0,-105004,-127665,68774,74536
8619.0,-105027,-127548,68769,74552
8621.0,-104941,-127390,68741,74541
8623.0,-104855,-127388,68761,74552
8625.0,-104906,-127399,68796,74591
8627.0,-105073,-127306,68778,74610
8629.0,-105204,-127293,68751,74611
8631.0,-105151,-127415,68734,74585
8633.0,-104961,-127452,68663,74502
8635.0,-104893,-127373,68586,74427
8637.0,-105054,-127359,68605,74438
8639.0,-105179,-127411,68663,74479
8641.0,-105052,-127399,68661,74490
8642.98,-104869,-127369,68649,74513
8644.95,-104890,-127429,68680,74557
8646.93,-105068,-127521,68695,74565
8648.9,-105206,-127542,68671,74550
8650.9,-105194,-127510,68653,74557
8652.9,-105039,-127484,68646,74553
8654.9,-104915,-127464,68620,74507
8656.9,-105006,-127446,68584,74454
8658.9,-105193,-127440,68567,74424
8660.9,-105204,-127409,68565,74406
8662.9,-105076,-127320,68553,74388
8664.9,-105051,-127274,68515,74364
8666.9,-105136,-127402,68488,74349
8668.9,-105179,-127633,68507,74365
8670.9,-105172,-127726,68526,74381
8672.9,-105177,-127588,68479,74341
8674.9,-105188,-127413,68401,74270
8676.9,-105215,-127416,68369,74238
8678.9,-105262,-127557,68384,74255
8680.9,-105263,-127632,68410,74284
8682.9,-105225,-127572,68428,74303
8684.9,-105224,-127504,68424,74294
8686.9,-105255,-127558,68403,74270
8688.9,-105302,-127724,68411,74275
8690.9,-105409,-127872,68430,74287
8692.9,-105464,-127877,68394,74241
8694.9,-105303,-127780,68336,74179
8696.9,-105117,-127717,68345,74191
8698.9,-105198,-127687,68348,74205
8700.9,-105364,-127605,68264,74135
8702.9,-105306,-127540,68245,74136
8704.9,-105184,-127558,68367,74293
8706.9,-105234,-127519,68374,74328
8708.9,-105314,-127415,68184,74132
8710.9,-105322,-127529,68137,74067
8712.9,-105369,-127851,68273,74202
8714.9,-105328,-127926,68199,74118
8716.9,-105048,-127634,68006,73883
8718.9,-104895,-127432,68194,74064
8720.9,-105190,-127564,68567,74505
8722.88,-105538,-127752,68495,74490
8724.85,-105505,-127832,68123,74089
8726.83,-105313,-127935,68050,73959
8728.8,-105319,-128041,68226,74125
8730.8,-105453,-128006,68246,74159
8732.8,-105512,-127907,68158,74072
8734.8,-105452,-127877,68181,74097
8736.8,-105314,-127831,68230,74151
8738.8,-105212,-127713,68206,74119
8740.8,-105263,-127683,68219,74124
8742.8,-105390,-127840,68306,74222
8744.8,-105426,-128029,68356,74276
8746.8,-105370,-128085,68334,74238
8748.8,-105332,-128032,68289,74182
8750.8,-105346,-127988,68235,74130
8752.8,-105410,-127997,68210,74088
8754.8,-105487,-127990,68250,74101
8756.8,-105436,-127866,68285,74143
8758.8,-105235,-127644,68260,74151
8760.8,-105171,-127503,68280,74184
8762.8,-105403,-127553,68416,74306
8764.8,-105615,-127636,68556,74430
8766.8,-105570,-127559,68608,74478
8768.8,-105519,-127410,68605,74474
8770.8,-105619,-127394,68568,74432
8772.8,-105638,-127502,68515,74364
8774.8,-105553,-127600,68506,74337
8776.8,-105586,-127639,68533,74351
8778.8,-105605,-127585,68535,74349
8780.8,-105396,-127396,68533,74358
8782.8,-105249,-127181,68567,74417
8784.8,-105438,-127141,68627,74504
8786.8,-105652,-127281,68725,74621
8788.8,-105605,-127351,68821,74730
8790.8,-105490,-127154,68806,74712
8792.8,-105466,-126837,68734,74616
8794.8,-105422,-126720,68787,74654
8796.8,-105370,-126835,68919,74799
8798.8,-105450,-126886,68954,74856
8800.8,-105558,-126724,68938,74857
8802.78,-105463,-126521,68963,74912
8804.75,-105232,-126456,68950,74933
8806.73,-105163,-126544,68887,74890
8808.7,-105318,-126714,68874,74894
8810.7,-105445,-126842,68854,74896
8812.7,-105404,-126845,68753,74785
8814.7,-105355,-126843,68685,74686
8816.7,-105420,-126938,68715,74712
8818.7,-105491,-126987,68718,74729
8820.7,-105458,-126880,68654,74646
8822.7,-105373,-126805,68615,74571
8824.7,-105362,-126919,68614,74569
8826.7,-105520,-127129,68596,74567
8828.7,-105797,-127401,68514,74484
8830.7,-105961,-127785,68331,74291
8832.7,-105863,-128045,68104,74053
8834.7,-105681,-127874,67969,73897
8836.7,-105663,-127553,67931,73851
8838.7,-105759,-127674,67898,73844
8840.7,-105742,-128186,67899,73881
8842.7,-105593,-128469,67990,73988
8844.7,-105515,-128332,68058,74066
8846.7,-105593,-128154,67992,74003
8848.7,-105709,-128147,67878,73873
8850.7,-105782,-128221,67855,73824
8852.7,-105841,-128338,67907,73858
8854.7,-105858,-128424,67928,73870
8856.7,-105787,-128316,67891,73843
8858.7,-105728,-128141,67847,73832
8860.7,-105793,-128201,67826,73836
8862.7,-105861,-128384,67826,73827
8864.7,-105768,-128345,67837,73826
8866.7,-105623,-128207,67848,73839
8868.7,-105642,-128331,67862,73838
8870.7,-105795,-128588,67890,73828
8872.7,-105877,-128596,67906,73827
8874.7,-105826,-128448,67889,73824
8876.7,-105760,-128475,67893,73834
8878.7,-105813,-128570,67948,73877
8880.7,-106012,-128482,67997,73896
8882.68,-106216,-128395,68034,73859
8884.65,-106212,-128514,68110,73815
8886.63,-106002,-128587,68222,73797
8888.6,-105867,-128440,68410,73846
8890.6,-106000,-128343,68768,74047
8892.6,-106202,-128419,69198,74365
8894.6,-106130,-128418,69489,74649
8896.6,-105720,-128300,69689,74929
8898.6,-105217,-128239,69983,75418
8900.6,-104827,-128072,70327,76155
8902.6,-104492,-127536,70554,76943
8904.6,-104043,-126832,70619,77603
8906.6,-103496,-126274,70498,78106
8908.6,-103066,-125731,70144,78516
8910.6,-102896,-124981,69607,78870
8912.6,-102934,-124293,68935,79032
8914.6,-103109,-124206,68053,78725
8916.6,-103476,-124907,66935,77774
8918.6,-104094,-126061,65725,76262
8920.6,-104895,-127161,64582,74511
8922.6,-105717,-127943,63594,72951
8924.6,-106382,-128406,62882,71878
8926.6,-106736,-128577,62589,71319
8928.6,-106745,-128511,62738,71163
8930.6,-106563,-128450,63188,71298
8932.6,-106420,-128624,63731,71570
8934.6,-106403,-128894,64257,71825
8936.6,-106385,-128943,64788,72055
8938.6,-106208,-128744,65362,72340
8940.6,-105950,-128577,65911,72650
8942.6,-105860,-128659,66357,72900
8944.6,-105969,-128892,66731,73129
8946.6,-106019,-128942,67080,73389
8948.6,-105890,-128662,67329,73566
8950.6,-105783,-128410,67417,73577
8952.6,-105859,-128579,67460,73570
8954.6,-106015,-128918,67565,73662
8956.6,-106074,-128931,67646,73739
8958.6,-105983,-128707,67624,73726
8960.6,-105844,-128635,67594,73727
8962.58,-105845,-128661,67628,73776
8964.55,-106004,-128581,67666,73786
8966.53,-106082,-128520,67672,73766
8968.5,-105941,-128562,67675,73765
8970.5,-105769,-128524,67659,73729
8972.5,-105793,-128422,67618,73647
8974.5,-105983,-128473,67619,73623
8976.5,-106134,-128608,67669,73666
8978.5,-106081,-128635,67708,73699
8980.5,-105874,-128637,67738,73744
8982.5,-105759,-128750,67793,73834
8984.5,-105880,-128879,67826,73875
8986.5,-106082,-128905,67791,73817
8988.5,-106135,-128845,67739,73764
8990.5,-106034,-128790,67726,73771
8992.5,-105938,-128832,67737,73770
8994.5,-105944,-128920,67744,73746
8996.5,-106022,-128879,67738,73745
8998.5,-106073,-128748,67722,73759
9000.5,-106022,-128754,67719,73760
9002.5,-105914,-128813,67729,73764
9004.5,-105898,-128657,67710,73763
9006.5,-106036,-128450,67674,73751
9008.5,-106158,-128539,67701,73778
9010.5,-106067,-128723,67762,73831
9012.5,-105883,-128643,67754,73814
9014.5,-105912,-128554,67724,73776
9016.5,-106166,-128811,67797,73866
9018.5,-106331,-129074,67894,74008
9020.5,-106225,-128902,67853,73996
9022.5,-106002,-128575,67755,73885
9024.5,-105878,-128559,67769,73874
9026.5,-105927,-128764,67836,73926
9028.5,-106076,-128884,67826,73901
9030.5,-106144,-128863,67780,73841
9032.5,-106033,-128749,67769,73824
9034.5,-105924,-128610,67758,73816
9036.5,-106025,-128622,67751,73825
9038.5,-106197,-128807,67801,73908
9040.5,-106189,-128917,67857,73996
9042.48,-106064,-128852,67837,73987
9044.45,-106040,-128800,67783,73934
9046.43,-106114,-128845,67776,73932
9048.4,-106187,-128863,67795,73952
9050.4,-106234,-128813,67788,73940
9052.4,-106186,-128776,67766,73919
9054.4,-106009,-128750,67763,73922
9056.4,-105903,-128625,67771,73934
9058.4,-105997,-128385,67781,73958
9060.4,-106048,-128204,67817,74038
9062.4,-105857,-128231,67881,74159
9064.4,-105645,-128338,67915,74236
9066.4,-105646,-128324,67896,74231
9068.4,-105774,-128263,67878,74209
9070.4,-105884,-128324,67898,74217
9072.4,-105933,-128412,67919,74226
9074.4,-105859,-128345,67921,74228
9076.4,-105704,-128212,67922,74249
9078.4,-105676,-128223,67926,74284
9080.4,-105815,-128369,67934,74309
9082.4,-105872,-128441,67951,74328
9084.4,-105706,-128298,67950,74333
9086.4,-105511,-128056,67907,74304
9088.4,-105528,-127983,67872,74279
9090.4,-105722,-128148,67902,74308
9092.4,-105828,-128302,67955,74364
9094.4,-105708,-128236,67966,74386
9096.4,-105569,-128069,67946,74387
9098.4,-105646,-127997,67950,74422
9100.4,-105820,-128008,67978,74488
9102.4,-105825,-128009,67990,74534
9104.4,-105660,-127982,67974,74546
9106.4,-105501,-127911,67937,74536
9108.4,-105439,-127804,67887,74494
9110.4,-105495,-127802,67856,74451
9112.4,-105628,-127967,67889,74478
9114.4,-105663,-128094,67962,74558
9116.4,-105510,-128029,67979,74580
9118.4,-105386,-127926,67913,74527
9120.4,-105488,-127897,67838,74489
9122.38,-105646,-127812,67789,74476
9124.35,-105616,-127652,67741,74439
9126.33,-105466,-127632,67727,74443
9128.3,-105402,-127801,67799,74558
9130.3,-105462,-127941,67874,74669
9132.3,-105557,-127945,67839,74634
9134.3,-105606,-127925,67753,74538
9136.3,-105555,-127951,67755,74551
9138.3,-105442,-127963,67815,74639
9140.3,-105406,-127939,67791,74648
9142.3,-105517,-127923,67683,74581
9144.3,-105658,-127894,67617,74554
9146.3,-105638,-127803,67618,74575
9148.3,-105454,-127711,67602,74550
9150.3,-105364,-127723,67557,74478
9152.3,-105555,-127823,67544,74458
9154.3,-105805,-127905,67560,74505
9156.3,-105762,-127896,67535,74527
9158.3,-105519,-127833,67474,74490
9160.3,-105473,-127853,67468,74488
9162.3,-105692,-128028,67558,74585
9164.3,-105866,-128213,67662,74690
9166.3,-105826,-128236,67671,74680
9168.3,-105696,-128163,67599,74590
9170.3,-105643,-128140,67555,74543
9172.3,-105717,-128132,67580,74558
9174.3,-105843,-128059,67606,74559
9176.3,-105874,-127992,67595,74535
9178.3,-105787,-127999,67593,74529
9180.3,-105737,-128002,67599,74522
9182.3,-105808,-127964,67562,74463
9184.3,-105886,-127983,67517,74392
9186.3,-105877,-128080,67534,74371
9188.3,-105843,-128132,67558,74367
9190.3,-105872,-128099,67509,74322
9192.3,-105967,-128086,67445,74270
9194.3,-106081,-128117,67444,74260
9196.3,-106174,-128125,67461,74259
9198.3,-106220,-128143,67456,74247
9200.3,-106211,-128208,67472,74263
9202.28,-106189,-128209,67492,74289
9204.25,-106241,-128129,67451,74268
9206.23,-106382,-128164,67386,74223
9208.2,-106472,-128329,67366,74211
9210.2,-106405,-128354,67342,74196
9212.2,-106313,-128211,67280,74147
9214.2,-106370,-128212,67257,74125
9216.2,-106517,-128392,67280,74142
9218.2,-106557,-128394,67244,74116
9220.2,-106449,-128164,67160,74056
9222.2,-106330,-128095,67136,74052
9224.2,-106337,-128289,67150,74073
9226.2,-106462,-128370,67099,74024
9228.2,-106569,-128216,67024,73951
9230.2,-106543,-128149,67015,73946
9232.2,-106445,-128292,67051,73980
9234.2,-106447,-128414,67068,73995
9236.2,-106582,-128435,67056,73998
9238.2,-106679,-128471,67012,73987
9240.2,-106602,-128478,66945,73948
9242.2,-106444,-128376,66906,73917
9244.2,-106412,-128329,66917,73928
9246.2,-106558,-128461,66929,73948
9248.2,-106724,-128578,66897,73926
9250.2,-106738,-128479,66832,73866
9252.2,-106625,-128305,66778,73820
9254.2,-106549,-128324,66765,73829
9256.2,-106602,-128534,66769,73856
9258.2,-106740,-128641,66723,73828
9260.2,-106844,-128447,66628,73764
9262.2,-106772,-128145,66574,73754
9264.2,-106539,-128065,66596,73806
9266.2,-106424,-128220,66619,73831
9268.2,-106578,-128374,66592,73798
9270.2,-106721,-128453,66559,73768
9272.2,-106662,-128566,66548,73767
9274.2,-106630,-128675,66520,73747
9276.2,-106691,-128588,66461,73696
9278.2,-106593,-128327,66412,73668
9280.2,-106435,-128173,66398,73688
9282.18,-106537,-128250,66398,73716
9284.15,-106701,-128373,66383,73704
9286.13,-106637,-128420,66341,73658
9288.1,-106601,-128467,66284,73616
9290.1,-106767,-128501,66219,73574
9292.1,-106807,-128431,66143,73495
9294.1,-106645,-128364,66092,73415
9296.1,-106619,-128449,66119,73428
9298.1,-106736,-128596,66177,73511
9300.1,-106742,-128660,66145,73519
9302.1,-106708,-128648,66015,73422
9304.1,-106785,-128573,65913,73358
9306.1,-106830,-128439,65891,73382
9308.1,-106746,-128386,65878,73387
9310.1,-106687,-128528,65841,73335
9312.1,-106747,-128749,65823,73314
9314.1,-106832,-128858,65816,73329
9316.1,-106834,-128835,65770,73297
9318.1,-106741,-128768,65711,73236
9320.1,-106662,-128707,65686,73228
9322.1,-106730,-128648,65654,73237
9324.1,-106865,-128613,65576,73196
9326.1,-106850,-128670,65527,73171
9328.1,-106723,-128831,65558,73223
9330.1,-106738,-128963,65584,73259
9332.1,-106946,-128928,65533,73194
9334.1,-107152,-128796,65454,73096
9336.1,-107224,-128759,65413,73059
9338.1,-107152,-128849,65405,73073
9340.1,-106993,-128927,65408,73101
9342.1,-106943,-128921,65400,73115
9344.1,-107123,-128872,65353,73087
9346.1,-107283,-128812,65282,73032
9348.1,-107147,-128769,65238,73001
9350.1,-106910,-128802,65220,72984
9352.1,-106911,-128927,65186,72948
9354.1,-107090,-129057,65146,72915
9356.1,-107191,-129081,65124,72920
9358.1,-107154,-128976,65105,72927
9360.1,-107050,-128832,65062,72895
9362.08,-106956,-128774,65008,72843
9364.05,-106970,-128848,64975,72825
9366.03,-107100,-128964,64999,72873
9368.0,-107196,-128971,65050,72946
9370.0,-107151,-128844,65040,72952
9372.0,-107025,-128733,64958,72880
9374.0,-106952,-128728,64904,72825
9376.0,-106998,-128722,64906,72817
9378.0,-107069,-128656,64896,72806
9380.0,-107006,-128619,64888,72816
9382.0,-106854,-128560,64935,72887
9384.0,-106832,-128323,64974,72936
9386.0,-106977,-128075,64962,72918
9388.0,-107098,-128130,65000,72956
9390.0,-107059,-128329,65097,73075
9392.0,-106912,-128261,65081,73084
9394.0,-106831,-128006,64925,72933
9396.0,-106980,-127981,64838,72838
9398.0,-107254,-128185,64900,72906
9400.0,-107294,-128232,64958,72982
9402.0,-107025,-128034,64927,72968
9404.0,-106812,-127893,64905,72963
9406.0,-106873,-127954,64950,73035
9408.0,-107001,-127983,64995,73107
9410.0,-106998,-127804,64993,73119
9412.0,-106922,-127593,64998,73124
9414.0,-106872,-127571,65042,73170
9416.0,-106900,-127657,65072,73219
9418.0,-107022,-127646,65042,73230
9420.0,-107107,-127531,64995,73246
9422.0,-106992,-127426,64974,73300
9424.0,-106773,-127347,64950,73337
9426.0,-106705,-127276,64888,73300
9428.0,-106814,-127296,64804,73219
9430.0,-106884,-127440,64726,73150
9432.0,-106806,-127547,64668,73110
9434.0,-106705,-127471,64629,73087
9436.0,-106714,-127337,64582,73052
9438.0,-106826,-127359,64514,72994
9440.0,-106968,-127534,64475,72968
9441.98,-107069,-127728,64509,73020
9443.95,-107073,-127854,64544,73070
9445.93,-107023,-127874,64465,73000
9447.9,-107075,-127857,64275,72822
9449.9,-107274,-128006,64067,72643
9451.9,-107415,-128385,63917,72519
9453.9,-107313,-128748,63833,72429
9455.9,-107093,-128866,63759,72339
9457.9,-107040,-128832,63647,72251
9459.9,-107212,-128883,63550,72214
9461.9,-107368,-129067,63518,72228
9463.9,-107301,-129160,63464,72195
9465.9,-107137,-129006,63324,72078
9467.9,-107175,-128848,63215,71986
9469.9,-107439,-128985,63216,71984
9471.9,-107601,-129229,63221,71977
9473.9,-107427,-129242,63177,71926
9475.9,-107130,-129145,63182,71922
9477.9,-107065,-129187,63240,71986
9479.9,-107238,-129248,63238,72040
9481.9,-107365,-129158,63190,72065
9483.9,-107305,-129015,63171,72082
9485.9,-107188,-128936,63140,72056
9487.9,-107176,-128945,63054,71976
9489.9,-107299,-129057,62995,71911
9491.9,-107452,-129183,62993,71886
9493.9,-107473,-129180,62958,71848
9495.9,-107321,-129078,62876,71800
9497.9,-107183,-128955,62841,71807
9499.9,-107229,-128810,62897,71889
9501.9,-107392,-128746,62997,71983
9503.9,-107493,-128857,63083,71999
9505.9,-107476,-128936,63133,71924
9507.9,-107420,-128820,63201,71857
9509.9,-107417,-128721,63388,71899
9511.9,-107462,-128778,63685,72032
9513.9,-107415,-128784,63970,72213
9515.9,-107151,-128661,64201,72476
9517.9,-106749,-128571,64443,72864
9519.9,-106399,-128464,64712,73378
9521.88,-106151,-128158,64962,74047
9523.85,-105845,-127736,65163,74842
9525.83,-105340,-127309,65234,75562
9527.8,-104743,-126725,65038,76045
9529.8,-104344,-125920,64572,76384
9531.8,-104292,-125133,63968,76693
9533.8,-104453,-124612,63262,76826
9535.8,-104653,-124530,62366,76496
9537.8,-104933,-125053,61260,75521
9539.8,-105442,-126057,60046,73946
9541.8,-106201,-127092,58871,72133
9543.8,-107036,-127912,57897,70607
9545.8,-107674,-128563,57255,69622
9547.8,-107932,-128931,56990,69077
9549.8,-107912,-128936,57092,68871
9551.8,-107875,-128940,57488,68975
9553.8,-107876,-129202,58004,69227
9555.8,-107747,-129412,58506,69453
9557.8,-107474,-129342,59023,69688
9559.8,-107271,-129249,59587,70001
9561.8,-107236,-129292,60105,70306
9563.8,-107266,-129346,60513,70537
9565.8,-107290,-129402,60853,70742
9567.8,-107297,-129487,61142,70928
9569.8,-107257,-129474,61340,71032
9571.8,-107243,-129353,61424,71043
9573.8,-107375,-129243,61404,70985
9575.8,-107556,-129144,61340,70906
9577.8,-107551,-129088,61351,70916
9579.8,-107376,-129207,61460,71048
9581.8,-107281,-129377,61537,71163
9583.8,-107368,-129351,61522,71168
9585.8,-107495,-129223,61530,71159
9587.8,-107495,-129184,61602,71205
9589.8,-107332,-129099,61632,71226
9591.8,-107134,-128896,61586,71187
9593.8,-107105,-128834,61550,71169
9595.8,-107267,-128979,61557,71196
9597.8,-107379,-128990,61550,71206
9599.8,-107258,-128734,61508,71176
9601.78,-107051,-128546,61460,71146
9603.75,-107035,-128649,61442,71149
9605.73,-107224,-128829,61464,71184
9607.7,-107359,-128841,61487,71222
9609.7,-107265,-128727,61467,71227
9611.7,-107090,-128667,61428,71210
9613.7,-107090,-128739,61420,71195
9615.7,-107245,-128874,61419,71172
9617.7,-107287,-128924,61377,71121
9619.7,-107120,-128835,61314,71071
9621.7,-106952,-128739,61276,71053
9623.7,-106959,-128762,61266,71071
9625.7,-107087,-128838,61260,71107
9627.7,-107210,-128838,61220,71104
9629.7,-107252,-128767,61128,71021
9631.7,-107176,-128708,61053,70941
9633.7,-107053,-128691,61076,70971
9635.7,-107028,-128677,61129,71044
9637.7,-107106,-128634,61107,71052
9639.7,-107135,-128570,61066,71046
9641.7,-107060,-128506,61082,71088
9643.7,-106992,-128463,61081,71091
9645.7,-107021,-128486,61026,71029
9647.7,-107112,-128601,61010,71021
9649.7,-107177,-128721,61033,71063
9651.7,-107140,-128722,60984,71017
9653.7,-107030,-128628,60890,70905
9655.7,-106992,-128561,60861,70869
9657.7,-107091,-128524,60870,70911
9659.7,-107162,-128451,60849,70943
9661.7,-107030,-128367,60831,70963
9663.7,-106802,-128318,60837,70991
9665.7,-106766,-128300,60826,71012
9667.7,-106989,-128344,60808,71025
9669.7,-107195,-128453,60809,71027
9671.7,-107127,-128497,60793,71002
9673.7,-106917,-128410,60748,70973
9675.7,-106863,-128315,60714,70958
9677.7,-106976,-128302,60685,70925
9679.7,-107041,-128308,60653,70900
9681.68,-106991,-128281,60667,70963
9683.65,-106903,-128241,60726,71076
9685.63,-106830,-128238,60747,71105
9687.6,-106847,-128321,60701,71051
9689.6,-106982,-128425,60649,71014
9691.6,-107048,-128402,60639,71019
9693.6,-106918,-128299,60665,71029
9695.6,-106792,-128278,60684,71038
9697.6,-106841,-128251,60652,71040
9699.6,-106899,-128044,60587,71014
9701.6,-106800,-127781,60553,70982
9703.6,-106613,-127660,60570,70993
9705.6,-106442,-127650,60615,71059
9707.6,-106348,-127686,60676,71135
9709.6,-106405,-127779,60720,71163
9711.6,-106543,-127824,60698,71138
9713.6,-106568,-127744,60652,71121
9715.6,-106450,-127679,60668,71151
9717.6,-106342,-127719,60713,71185
9719.6,-106352,-127740,60710,71180
9721.6,-106479,-127705,60693,71178
9723.6,-106593,-127703,60721,71220
9725.6,-106495,-127657,60744,71260
9727.6,-106224,-127443,60703,71251
9729.6,-106099,-127242,60638,71217
9731.6,-106230,-127318,60603,71197
9733.6,-106348,-127549,60586,71192
9735.6,-106263,-127586,60566,71182
9737.6,-106107,-127386,60540,71162
9739.6,-106057,-127243,60510,71147
9741.6,-106146,-127278,60477,71155
9743.6,-106271,-127280,60440,71155
9745.6,-106277,-127159,60405,71128
9747.6,-106155,-127155,60404,71131
9749.6,-106110,-127341,60431,71171
9751.6,-106223,-127382,60402,71143
9753.6,-106288,-127127,60309,71040
9755.6,-106166,-126971,60276,71030
9757.6,-106010,-127179,60360,71171
9759.6,-105971,-127409,60443,71299
9761.58,-106017,-127349,60414,71290
9763.55,-106087,-127211,60323,71211
9765.53,-106119,-127190,60269,71158
9767.5,-106017,-127130,60267,71143
9769.5,-105856,-127037,60264,71141
9771.5,-105888,-127133,60225,71131
9773.5,-106103,-127292,60163,71101
9775.5,-106186,-127201,60122,71070
9777.5,-106079,-127019,60138,71086
9779.5,-106036,-127073,60188,71152
9781.5,-106069,-127199,60197,71187
9783.5,-106002,-127141,60138,71136
9785.5,-105960,-127086,60086,71071
9787.5,-106101,-127168,60088,71062
9789.5,-106191,-127144,60079,71042
9791.5,-106088,-127000,60030,70974
9793.5,-106083,-127051,60022,70946
9795.5,-106291,-127265,60067,70987
9797.5,-106407,-127312,60064,70988
9799.5,-106327,-127180,59994,70917
9801.5,-106281,-127061,59949,70861
9803.5,-106304,-126977,59965,70853
9805.5,-106257,-126941,59992,70850
9807.5,-106229,-127028,60002,70836
9809.5,-106354,-127138,59993,70816
9811.5,-106457,-127131,59964,70781
9813.5,-106347,-127068,59936,70742
9815.5,-106211,-127024,59938,70734
9817.5,-106298,-126965,59951,70750
9819.5,-106472,-126946,59944,70756
9821.5,-106464,-127047,59934,70754
9823.5,-106338,-127138,59954,70771
9825.5,-106319,-127064,59975,70788
9827.5,-106399,-126943,59956,70763
9829.5,-106447,-126985,59934,70724
9831.5,-106462,-127119,59941,70705
9833.5,-106454,-127056,59896,70638
9835.5,-106391,-126764,59752,70483
9837.5,-106340,-126595,59644,70371
9839.5,-106401,-126778,59692,70425
9841.48,-106490,-127063,59797,70545
9843.45,-106456,-127113,59826,70585
9845.43,-106356,-126997,59810,70564
9847.4,-106388,-126978,59806,70540
9849.4,-106567,-127071,59783,70503
9851.4,-106666,-127092,59748,70472
9853.4,-106540,-127009,59752,70490
9855.4,-106368,-126955,59764,70514
9857.4,-106386,-126971,59732,70482
9859.4,-106524,-126957,59703,70449
9861.4,-106555,-126909,59734,70478
9863.4,-106458,-126923,59755,70499
9865.4,-106374,-126967,59685,70426
9867.4,-106380,-126941,59574,70312
9869.4,-106474,-126918,59518,70259
9871.4,-106589,-127008,59522,70277
9873.4,-106590,-127111,59533,70304
9875.4,-106463,-127100,59527,70318
9877.4,-106384,-127054,59511,70324
9879.4,-106442,-127050,59495,70317
9881.4,-106518,-126997,59488,70299
9883.4,-106536,-126877,59479,70279
9885.4,-106532,-126836,59439,70233
9887.4,-106499,-126909,59380,70158
9889.4,-106450,-126962,59365,70122
9891.4,-106492,-126977,59411,70164
9893.4,-106596,-127078,59449,70213
9895.4,-106568,-127209,59424,70195
9897.4,-106412,-127147,59359,70133
9899.4,-106364,-126944,59301,70080
9901.4,-106491,-126911,59270,70053
9903.4,-106607,-127085,59260,70043
9905.4,-106594,-127179,59240,70022
9907.4,-106524,-127118,59196,69979
9909.4,-106499,-127097,59171,69960
9911.4,-106575,-127159,59195,69996
9913.4,-106708,-127188,59214,70028
9915.4,-106730,-127147,59172,69991
9917.4,-106533,-127038,59113,69941
9919.4,-106312,-126910,59117,69961
9921.38,-106339,-126935,59161,70012
9923.35,-106548,-127098,59149,69988
9925.33,-106624,-127102,59083,69907
9927.3,-106478,-126903,59068,69895
9929.3,-106322,-126767,59098,69950
9931.3,-106320,-126693,59055,69929
9933.3,-106398,-126557,58969,69835
9935.3,-106411,-126572,58990,69832
9937.3,-106336,-126788,59066,69903
9939.3,-106258,-126758,59008,69861
9941.3,-106266,-126443,58886,69744
9943.3,-106353,-126449,58910,69759
9945.3,-106429,-126863,59016,69856
9947.3,-106410,-127068,59006,69826
9949.3,-106318,-126930,58919,69714
9951.3,-106284,-126895,58886,69681
9953.3,-106384,-126996,58862,69687
9955.3,-106492,-126924,58807,69653
9957.3,-106449,-126777,58808,69657
9959.3,-106304,-126804,58865,69727
9961.3,-106235,-126893,58876,69749
9963.3,-106315,-126919,58844,69699
9965.3,-106473,-127012,58839,69665
9967.3,-106550,-127145,58834,69649
9969.3,-106410,-127081,58784,69595
9971.3,-106157,-126864,58726,69532
9973.3,-106116,-126773,58688,69508
9975.3,-106362,-126835,58657,69507
9977.3,-106556,-126871,58659,69525
9979.3,-106452,-126851,58713,69582
9981.3,-106266,-126866,58750,69632
9983.3,-106295,-126922,58713,69604
9985.3,-106486,-126958,58652,69534
9987.3,-106586,-126937,58631,69497
9989.3,-106515,-126895,58630,69482
9991.3,-106408,-126924,58631,69465
9993.3,-106384,-127002,58672,69498
9995.3,-106423,-126954,58757,69593
9997.3,-106443,-126742,58826,69667
9999.3,-106408,-126578,58883,69701
10001.28,-106336,-126598,58981,69766
10003.25,-106297,-126679,59085,69841
10005.22,-106359,-126664,59098,69829
10007.2,-106470,-126531,59030,69754
10009.2,-106458,-126374,58987,69722
10011.2,-106286,-126302,59000,69746
10013.2,-106174,-126273,59012,69762
10015.2,-106275,-126164,58988,69758
10017.2,-106409,-126071,58970,69776
10019.2,-106368,-126163,59005,69836
10021.2,-106220,-126228,59069,69910
10023.2,-106115,-125940,59110,69955
10025.2,-106080,-125526,59140,69983
10027.2,-106133,-125463,59209,70051
10029.2,-106245,-125662,59291,70132
10031.2,-106233,-125681,59313,70149
10033.2,-106038,-125468,59286,70129
10035.2,-105900,-125271,59266,70152
10037.2,-105948,-125175,59253,70184
10039.2,-105985,-125168,59227,70160
10041.2,-105861,-125245,59196,70107
10043.2,-105683,-125283,59167,70068
10045.2,-105618,-125244,59151,70040
10047.2,-105739,-125342,59172,70027
10049.2,-105948,-125603,59205,70031
10051.2,-105987,-125723,59197,70026
10053.2,-105807,-125659,59163,70015
10055.2,-105736,-125692,59127,69999
10057.2,-105969,-125804,59056,69926
10059.2,-106229,-125788,58937,69794
10061.2,-106236,-125821,58819,69678
10063.2,-106101,-126129,58717,69595
10065.2,-106050,-126473,58617,69495
10067.2,-106136,-126604,58533,69380
10069.2,-106264,-126642,58451,69270
10071.2,-106276,-126649,58326,69147
10073.2,-106121,-126540,58197,69046
10075.2,-105978,-126505,58154,69031
10077.2,-106004,-126771,58179,69066
10079.2,-106100,-127085,58190,69066
10081.17,-106130,-127107,58175,69037
10083.15,-106120,-126965,58158,69012
10085.13,-106111,-126933,58122,68963
10087.1,-106117,-126985,58067,68885
10089.1,-106204,-126984,58035,68834
10091.1,-106335,-126910,58033,68841
10093.1,-106313,-126806,58031,68864
10095.1,-106114,-126783,58035,68881
10097.1,-105985,-126894,58065,68907
10099.1,-106070,-126933,58066,68908
10101.1,-106240,-126749,57980,68824
10103.1,-106300,-126648,57885,68721
10105.1,-106194,-126911,57899,68726
10107.1,-106045,-127224,57965,68791
10109.1,-106062,-127226,57949,68770
10111.1,-106268,-127096,57894,68710
10113.1,-106419,-127047,57924,68741
10115.1,-106351,-126920,57998,68794
10117.1,-106214,-126718,58030,68757
10119.1,-106215,-126753,58093,68719
10121.1,-106337,-127004,58270,68784
10123.1,-106424,-127062,58505,68881
10125.1,-106382,-126839,58743,68961
10127.1,-106232,-126674,59012,69112
10129.1,-106048,-126742,59304,69376
10131.1,-105840,-126861,59560,69725
10133.1,-105509,-126781,59777,70215
10135.1,-104970,-126374,59989,70914
10137.1,-104315,-125700,60151,71710
10139.1,-103768,-124990,60156,72406
10141.1,-103452,-124369,59939,72943
10143.1,-103276,-123668,59519,73384
10145.1,-103082,-122768,58939,73728
10147.1,-102896,-121999,58205,73849
10149.1,-102952,-121893,57337,73580
10151.1,-103430,-122633,56400,72774
10153.1,-104210,-123900,55412,71375
10155.1,-104948,-125155,54331,69587
10157.1,-105439,-125998,53253,67874
10159.1,-105790,-126377,52479,66658
10161.08,-106152,-126520,52236,66043
10163.05,-106413,-126671,52463,65887
10165.03,-106388,-126906,52959,66011
10167.0,-106175,-127145,53587,66285
10169.0,-106023,-127266,54270,66614
10171.0,-105987,-127239,54940,66948
10173.0,-105989,-127141,55557,67281
10175.0,-105992,-127022,56098,67601
10177.0,-105921,-126849,56546,67874
10179.0,-105715,-126668,56904,68080
10181.0,-105575,-126638,57185,68227
10183.0,-105733,-126779,57378,68325
10185.0,-105977,-126907,57483,68377
10187.0,-105936,-126937,57556,68405
10189.0,-105715,-126913,57620,68427
10191.0,-105677,-126818,57632,68414
10193.0,-105822,-126674,57594,68367
10195.0,-105907,-126672,57595,68366
10197.0,-105872,-126834,57669,68450
10199.0,-105798,-126896,57741,68533
10201.0,-105729,-126795,57774,68543
10203.0,-105727,-126776,57790,68513
10205.0,-105819,-126868,57777,68471
10207.0,-105887,-126823,57724,68406
10209.0,-105833,-126640,57687,68358
10211.0,-105749,-126576,57698,68367
10213.0,-105750,-126690,57727,68414
10215.0,-105807,-126808,57774,68477
10217.0,-105821,-126843,57841,68540
10219.0,-105744,-126830,57859,68551
10221.0,-105632,-126808,57809,68503
10223.0,-105619,-126797,57785,68477
10225.0,-105759,-126808,57822,68495
10227.0,-105923,-126832,57842,68488
10229.0,-105935,-126859,57818,68451
10231.0,-105776,-126874,57791,68444
10233.0,-105616,-126855,57781,68467
10235.0,-105625,-126825,57801,68500
10237.0,-105769,-126821,57851,68548
10239.0,-105824,-126804,57873,68574
10240.97,-105662,-126703,57843,68544
10242.95,-105426,-126548,57830,68507
10244.92,-105348,-126470,57874,68516
10246.9,-105471,-126533,57911,68526
10248.9,-105616,-126606,57899,68501
10250.9,-105595,-126516,57873,68488
10252.9,-105450,-126348,57867,68523
10254.9,-105410,-126318,57868,68556
10256.9,-105540,-126352,57848,68531
10258.9,-105605,-126219,57821,68488
10260.9,-105451,-126075,57848,68518
10262.9,-105279,-126250,57922,68598
10264.9,-105305,-126577,57939,68606
10266.9,-105446,-126650,57878,68535
10268.9,-105546,-126545,57859,68508
10270.9,-105547,-126515,57918,68561
10272.9,-105387,-126419,57959,68606
10274.9,-105154,-126162,57969,68637
10276.9,-105161,-126089,58017,68699
10278.9,-105415,-126287,58064,68733
10280.9,-105494,-126342,58045,68692
10282.9,-105321,-126183,58026,68673
10284.9,-105284,-126208,58068,68723
10286.9,-105390,-126387,58094,68745
10288.9,-105338,-126332,58056,68700
10290.9,-105284,-126160,58026,68682
10292.9,-105436,-126204,58050,68729
10294.9,-105431,-126266,58074,68768
10296.9,-105108,-126073,58058,68765
10298.9,-104984,-125896,58048,68772
10300.9,-105234,-126021,58085,68816
10302.9,-105362,-126233,58129,68852
10304.9,-105224,-126277,58133,68849
10306.9,-105164,-126227,58134,68862
10308.9,-105211,-126223,58183,68929
10310.9,-105151,-126254,58228,68982
10312.9,-105079,-126223,58203,68963
10314.9,-105124,-126079,58163,68940
10316.9,-105122,-125909,58183,68978
10318.9,-104999,-125859,58241,69036
10320.88,-104944,-125927,58283,69065
10322.85,-105013,-125994,58301,69071
10324.83,-105016,-125985,58291,69055
10326.8,-104884,-125886,58257,69019
10328.8,-104794,-125766,58239,69009
10330.8,-104879,-125765,58268,69054
10332.8,-105026,-125855,58325,69127
10334.8,-105047,-125832,58378,69191
10336.8,-104913,-125688,58417,69237
10338.8,-104753,-125607,58449,69271
10340.8,-104687,-125601,58483,69295
10342.8,-104735,-125571,58503,69308
10344.8,-104815,-125578,58496,69303
10346.8,-104801,-125631,58478,69288
10348.8,-104640,-125543,58469,69285
10350.8,-104456,-125338,58468,69308
10352.8,-104429,-125283,58476,69357
10354.8,-104547,-125365,58492,69405
10356.8,-104616,-125351,58500,69424
10358.8,-104544,-125273,58483,69409
10360.8,-104437,-125253,58430,69363
10362.8,-104408,-125202,58375,69315
10364.8,-104451,-125169,58389,69333
10366.8,-104499,-125346,58453,69405
10368.8,-104471,-125512,58431,69386
10370.8,-104362,-125328,58307,69249
10372.8,-104315,-125092,58263,69198
10374.8,-104433,-125241,58363,69319
10376.8,-104556,-125523,58444,69423
10378.8,-104492,-125530,58437,69414
10380.8,-104336,-125358,58417,69397
10382.8,-104315,-125180,58363,69375
10384.8,-104451,-125025,58263,69296
10386.8,-104589,-125122,58281,69293
10388.8,-104588,-125534,58453,69443
10390.8,-104444,-125751,58550,69542
10392.8,-104321,-125491,58485,69475
10394.8,-104388,-125251,58444,69414
10396.8,-104558,-125363,58485,69441
10398.8,-104620,-125447,58474,69424
10400.78,-104549,-125290,58412,69349
10402.75,-104462,-125201,58393,69321
10404.72,-104422,-125282,58382,69310
10406.7,-104473,-125306,58344,69259
10408.7,-104617,-125284,58367,69251
10410.7,-104694,-125357,58455,69323
10412.7,-104616,-125392,58471,69348
10414.7,-104564,-125266,58381,69264
10416.7,-104684,-125174,58312,69185
10418.7,-104826,-125293,58342,69204
10420.7,-104810,-125519,58410,69262
10422.7,-104681,-125669,58431,69264
10424.7,-104605,-125662,58395,69212
10426.7,-104709,-125540,58339,69160
10428.7,-104933,-125445,58311,69144
10430.7,-105025,-125471,58332,69159
10432.7,-104875,-125516,58368,69181
10434.7,-104730,-125483,58376,69182
10436.7,-104808,-125454,58359,69163
10438.7,-104991,-125515,58343,69142
10440.7,-105080,-125604,58320,69117
10442.7,-105054,-125644,58283,69073
10444.7,-104989,-125653,58257,69033
10446.7,-104990,-125684,58261,69023
10448.7,-105122,-125756,58287,69040
10450.7,-105252,-125777,58334,69080
10452.7,-105188,-125625,58376,69124
10454.7,-105003,-125411,58367,69123
10456.7,-104916,-125400,58343,69089
10458.7,-104956,-125580,58380,69103
10460.7,-105008,-125685,58443,69161
10462.7,-105000,-125618,58426,69148
10464.7,-104911,-125488,58341,69048
10466.7,-104820,-125382,58291,68982
10468.7,-104874,-125383,58305,69008
10470.7,-105032,-125493,58321,69045
10472.7,-105059,-125498,58300,69026
10474.7,-104909,-125326,58261,68981
10476.7,-104785,-125270,58235,68953
10478.7,-104806,-125447,58215,68929
10480.67,-104919,-125546,58181,68886
10482.65,-105028,-125448,58154,68856
10484.63,-105007,-125434,58180,68882
10486.6,-104838,-125579,58241,68941
10488.6,-104763,-125661,58273,68966
10490.6,-104941,-125692,58262,68947
10492.6,-105116,-125837,58257,68940
10494.6,-105010,-125960,58276,68969
10496.6,-104795,-125856,58285,68991
10498.6,-104777,-125701,58267,68967
10500.6,-104914,-125728,58235,68911
10502.6,-104988,-125792,58208,68859
10504.6,-104953,-125682,58194,68834
10506.6,-104910,-125536,58188,68825
10508.6,-104944,-125547,58169,68810
10510.6,-105052,-125620,58140,68789
10512.6,-105122,-125643,58137,68794
10514.6,-105056,-125719,58171,68820
10516.6,-104919,-125881,58202,68834
10518.6,-104855,-125960,58208,68833
10520.6,-104901,-125890,58200,68833
10522.6,-104991,-125807,58190,68821
10524.6,-105034,-125808,58185,68791
10526.6,-104972,-125857,58186,68766
10528.6,-104865,-125858,58166,68755
10530.6,-104859,-125759,58117,68740
10532.6,-104964,-125664,58074,68707
10534.6,-105027,-125730,58060,68667
10536.6,-104954,-125885,58061,68643
10538.6,-104845,-125903,58064,68645
10540.6,-104845,-125796,58053,68632
10542.6,-104957,-125794,58028,68578
10544.6,-105049,-125960,58037,68560
10546.6,-105027,-126085,58089,68620
10548.6,-104946,-126003,58088,68648
10550.6,-104911,-125821,57993,68572
10552.6,-104945,-125789,57941,68527
10554.6,-104996,-125962,58016,68618
10556.6,-104984,-126095,58087,68710
10558.6,-104859,-126010,58028,68654
10560.58,-104743,-125879,57934,68552
10562.55,-104849,-125936,57947,68561
10564.53,-105096,-126072,58007,68615
10566.5,-105117,-126019,57973,68562
10568.5,-104820,-125794,57880,68453
10570.5,-104574,-125667,57872,68453
10572.5,-104648,-125745,57946,68548
10574.5,-104867,-125841,57967,68590
10576.5,-104941,-125801,57909,68552
10578.5,-104829,-125750,57868,68523
10580.5,-104712,-125864,57883,68528
10582.5,-104754,-126050,57903,68524
10584.5,-104916,-126068,57880,68491
10586.5,-105006,-125898,57822,68444
10588.5,-104947,-125769,57792,68426
10590.5,-104859,-125839,57834,68472
10592.5,-104836,-126002,57890,68532
10594.5,-104861,-126060,57888,68532
10596.5,-104901,-125945,57850,68487
10598.5,-104902,-125784,57830,68459
10600.5,-104818,-125793,57835,68463
10602.5,-104754,-126023,57861,68485
10604.5,-104842,-126228,57887,68500
10606.5,-104987,-126175,57864,68476
10608.5,-105007,-125984,57808,68434
10610.5,-104929,-125909,57793,68427
10612.5,-104899,-125942,57811,68435
10614.5,-104952,-125949,57797,68412
10616.5,-105031,-125959,57771,68384
10618.5,-105051,-126016,57780,68382
10620.5,-104936,-126010,57797,68389
10622.5,-104765,-125924,57791,68396
10624.5,-104756,-125944,57791,68418
10626.5,-104943,-126131,57829,68450
10628.5,-105093,-126266,57892,68491
10630.5,-105038,-126174,57954,68542
10632.5,-104877,-125945,58008,68593
10634.5,-104806,-125774,58081,68656
10636.5,-104894,-125744,58178,68751
10638.5,-105003,-125783,58249,68826
10640.47,-104942,-125755,58266,68827
10642.45,-104768,-125668,58263,68794
10644.42,-104762,-125659,58271,68784
10646.4,-104979,-125719,58272,68781
10648.4,-105121,-125662,58250,68759
10650.4,-104999,-125488,58223,68737
10652.4,-104778,-125435,58235,68750
10654.4,-104677,-125557,58309,68819
10656.4,-104725,-125591,58396,68918
10658.4,-104830,-125384,58437,68995
10660.4,-104873,-125124,58462,69045
10662.4,-104794,-125020,58513,69095
10664.4,-104691,-125001,58548,69135
10666.4,-104704,-124926,58553,69158
10668.4,-104801,-124864,58598,69207
10670.4,-104810,-124890,58669,69269
10672.4,-104655,-124819,58644,69259
10674.4,-104446,-124554,58526,69175
10676.4,-104373,-124433,58454,69124
10678.4,-104490,-124713,58473,69137
10680.4,-104625,-125044,58499,69146
10682.4,-104589,-125034,58497,69133
10684.4,-104438,-124865,58500,69141
10686.4,-104378,-124855,58511,69166
10688.4,-104479,-124933,58498,69170
10690.4,-104607,-124936,58450,69138
10692.4,-104621,-124916,58392,69082
10694.4,-104543,-124993,58350,69018
10696.4,-104535,-125234,58305,68944
10698.4,-104669,-125590,58192,68820
10700.4,-104783,-125822,58005,68626
10702.4,-104712,-125811,57840,68443
10704.4,-104551,-125821,57782,68373
10706.4,-104503,-126069,57801,68402
10708.4,-104596,-126356,57812,68430
10710.4,-104731,-126462,57771,68401
10712.4,-104811,-126481,57690,68337
10714.4,-104754,-126496,57616,68278
10716.4,-104608,-126455,57575,68239
10718.4,-104583,-126467,57572,68226
10720.38,-104746,-126666,57600,68241
10722.35,-104896,-126805,57615,68238
10724.33,-104909,-126589,57557,68161
10726.3,-104893,-126267,57475,68080
10728.3,-104917,-126275,57485,68107
10730.3,-104919,-126541,57570,68197
10732.3,-104884,-126707,57619,68233
10734.3,-104835,-126713,57610,68219
10736.3,-104764,-126683,57583,68202
10738.3,-104729,-126636,57547,68170
10740.3,-104830,-126648,57523,68144
10742.3,-104992,-126817,57529,68148
10744.3,-105015,-126959,57517,68124
10746.3,-104893,-126853,57479,68073
10748.3,-104843,-126664,57487,68088
10750.3,-104996,-126637,57550,68144
10752.3,-105229,-126660,57620,68137
10754.3,-105340,-126566,57715,68096
10756.3,-105252,-126460,57864,68095
10758.3,-105079,-126449,58043,68117
10760.3,-105018,-126455,58272,68190
10762.3,-105098,-126489,58592,68412
10764.3,-105068,-126657,58918,68748
10766.3,-104695,-126769,59126,69088
10768.3,-104090,-126440,59243,69496
10770.3,-103556,-125720,59384,70127
10772.3,-103215,-125128,59534,70922
10774.3,-102942,-124855,59529,71636
10776.3,-102579,-124466,59273,72149
10778.3,-102149,-123627,58848,72573
10780.3,-101842,-122648,58333,72974
10782.3,-101829,-122056,57662,73179
10784.3,-102116,-122084,56787,72927
10786.3,-102585,-122698,55777,72050
10788.3,-103109,-123721,54672,70543
10790.3,-103666,-124867,53504,68705
10792.3,-104352,-125849,52478,67074
10794.3,-105073,-126439,51852,65989
10796.3,-105423,-126595,51692,65402
10798.3,-105285,-126660,51932,65212
10800.28,-105071,-127024,52509,65389
10802.25,-104988,-127451,53276,65760
10804.22,-104814,-127424,54025,66093
10806.2,-104635,-127086,54685,66380
10808.2,-104732,-126992,55309,66730
10810.2,-104829,-127134,55906,67112
10812.2,-104601,-127132,56412,67418
10814.2,-104435,-127000,56772,67622
10816.2,-104648,-126945,56982,67741
10818.2,-104855,-126877,57084,67787
10820.2,-104797,-126740,57119,67767
10822.2,-104735,-126739,57116,67702
10824.2,-104725,-126904,57128,67672
10826.2,-104612,-127014,57213,67754
10828.2,-104564,-127034,57329,67897
10830.2,-104724,-127079,57385,67977
10832.2,-104834,-127088,57382,67974
10834.2,-104756,-126998,57396,67967
10836.2,-104724,-126975,57444,67984
10838.2,-104811,-127089,57480,67990
10840.2,-104815,-127118,57467,67954
10842.2,-104706,-126937,57409,67884
10844.2,-104664,-126748,57361,67826
10846.2,-104753,-126739,57377,67835
10848.2,-104879,-126835,57442,67906
10850.2,-104927,-126890,57493,67976
10852.2,-104828,-126885,57523,68022
10854.2,-104652,-126860,57550,68049
10856.2,-104577,-126802,57544,68024
10858.2,-104663,-126741,57490,67945
10860.2,-104792,-126786,57450,67890
10862.2,-104842,-126905,57459,67894
10864.2,-104764,-126884,57468,67898
10866.2,-104603,-126706,57457,67881
10868.2,-104528,-126637,57471,67907
10870.2,-104641,-126729,57509,67971
10872.2,-104761,-126729,57510,67993
10874.2,-104679,-126649,57493,67983
10876.2,-104516,-126756,57534,68018
10878.2,-104518,-126971,57600,68067
10880.17,-104670,-127013,57611,68044
10882.15,-104773,-126976,57593,67991
10884.13,-104727,-127031,57602,67985
10886.1,-104617,-126988,57601,67991
10888.1,-104603,-126761,57570,67970
10890.1,-104723,-126634,57569,67960
10892.1,-104796,-126672,57596,67970
10894.1,-104685,-126629,57589,67954
10896.1,-104518,-126558,57589,67954
10898.1,-104448,-126699,57662,68030
10900.1,-104460,-126921,57729,68102
10902.1,-104529,-126943,57713,68091
10904.1,-104619,-126833,57696,68073
10906.1,-104589,-126757,57738,68115
10908.1,-104429,-126676,57751,68138
10910.1,-104377,-126615,57709,68107
10912.1,-104517,-126728,57724,68130
10914.1,-104623,-126901,57787,68207
10916.1,-104558,-126801,57747,68182
10918.1,-104448,-126466,57614,68052
10920.1,-104422,-126308,57564,67993
10922.1,-104492,-126445,57613,68031
10924.1,-104586,-126595,57635,68042
10926.1,-104581,-126655,57647,68056
10928.1,-104452,-126774,57733,68169
10930.1,-104371,-126917,57805,68268
10932.1,-104458,-126934,57774,68238
10934.1,-104571,-126914,57761,68213
10936.1,-104526,-126931,57848,68296
10938.1,-104355,-126809,57889,68336
10940.1,-104242,-126552,57826,68263
10942.1,-104300,-126497,57829,68263
10944.1,-104432,-126713,57951,68396
10946.1,-104419,-126823,58019,68470
10948.1,-104208,-126644,57985,68438
10950.1,-104031,-126456,58002,68476
10952.1,-104086,-126479,58097,68602
10954.1,-104258,-126578,58129,68643
10956.1,-104317,-126562,58060,68572
10958.1,-104213,-126463,57996,68516
10960.08,-104049,-126402,57993,68516
10962.05,-103966,-126405,58020,68535
10964.03,-104059,-126415,58055,68570
10966.0,-104231,-126414,58087,68616
10968.0,-104253,-126449,58111,68647
10970.0,-104111,-126507,58139,68673
10972.0,-104041,-126492,58178,68712
10974.0,-104132,-126388,58217,68744
10976.0,-104203,-126342,58235,68751
10978.0,-104137,-126411,58213,68731
10980.0,-104024,-126426,58173,68700
10982.0,-103979,-126317,58176,68704
10984.0,-104030,-126298,58226,68764
10986.0,-104112,-126447,58261,68833
10988.0,-104093,-126486,58253,68864
10990.0,-103916,-126276,58233,68867
10992.0,-103743,-126066,58204,68856
10994.0,-103773,-126042,58170,68848
10996.0,-103952,-126089,58178,68884
10998.0,-104035,-126112,58226,68954
11000.0,-103907,-126134,58240,68980
11002.0,-103710,-126139,58198,68942
11004.0,-103655,-126108,58151,68899
11006.0,-103776,-126101,58139,68898
11008.0,-103902,-126120,58172,68947
11010.0,-103852,-126075,58214,69007
11012.0,-103663,-125949,58192,69002
11014.0,-103572,-125887,58125,68940
11016.0,-103709,-126011,58129,68933
11018.0,-103886,-126167,58196,68989
11020.0,-103846,-126055,58180,68981
11022.0,-103658,-125758,58079,68899
11024.0,-103623,-125727,58037,68865
11026.0,-103796,-126021,58066,68891
11028.0,-103929,-126181,58058,68891
11030.0,-103869,-126019,58019,68867
11032.0,-103724,-125857,58015,68861
11034.0,-103651,-125890,58028,68855
11036.0,-103714,-125991,58041,68851
11038.0,-103870,-126103,58096,68894
11039.97,-103968,-126236,58177,68958
11041.95,-103912,-126304,58217,68974
11043.92,-103833,-126300,58212,68944
11045.9,-103907,-126338,58196,68909
11047.9,-104066,-126380,58165,68869
11049.9,-104131,-126320,58104,68810
11051.9,-104062,-126267,58059,68764
11053.9,-103951,-126363,58074,68773
11055.9,-103924,-126487,58118,68805
11057.9,-104063,-126474,58124,68786
11059.9,-104256,-126397,58087,68712
11061.9,-104271,-126340,58046,68648
11063.9,-104116,-126250,58013,68625
11065.9,-104066,-126198,57996,68636
11067.9,-104229,-126388,58037,68696
11069.9,-104404,-126730,58126,68786
11071.9,-104403,-126868,58158,68810
11073.9,-104276,-126738,58094,68735
11075.9,-104199,-126651,58023,68654
11077.9,-104288,-126764,58012,68637
11079.9,-104484,-126891,58022,68648
11081.9,-104583,-126866,58012,68648
11083.9,-104489,-126755,58002,68656
11085.9,-104354,-126679,58002,68672
11087.9,-104372,-126653,57984,68662
11089.9,-104518,-126658,57950,68635
11091.9,-104606,-126683,57946,68641
11093.9,-104523,-126649,57983,68679
11095.9,-104358,-126507,58002,68679
11097.9,-104294,-126427,57980,68631
11099.9,-104380,-126563,57981,68616
11101.9,-104457,-126714,58022,68654
11103.9,-104400,-126656,58032,68671
11105.9,-104326,-126597,58012,68666
11107.9,-104398,-126742,58034,68695
11109.9,-104553,-126855,58072,68715
11111.9,-104601,-126747,58057,68666
11113.9,-104507,-126651,58020,68616
11115.9,-104385,-126709,58015,68625
11117.8,-104331,-126756,58018,68643
11119.8,-104373,-126756,58018,68638
11121.8,-104471,-126795,58020,68634
11123.8,-104519,-126740,57979,68605
11125.8,-104450,-126501,57889,68536
11127.8,-104348,-126349,57840,68502
11129.8,-104348,-126526,57868,68541
11131.8,-104459,-126834,57903,68586
11133.8,-104547,-126921,57883,68573
11135.8,-104494,-126760,57826,68520
11137.8,-104348,-126642,57796,68486
11139.8,-104306,-126766,57830,68511
11141.8,-104466,-126983,57872,68553
11143.8,-104629,-127028,57842,68534
11145.8,-104558,-126905,57790,68483
11147.8,-104371,-126860,57812,68496
11149.8,-104374,-126977,57864,68553
11151.8,-104580,-127078,57853,68556
11153.8,-104713,-127047,57800,68496
11155.8,-104638,-126957,57771,68443
11157.8,-104494,-126890,57775,68436
11159.8,-104475,-126868,57787,68458
11161.8,-104615,-126933,57785,68466
11163.8,-104753,-127056,57762,68445
11165.8,-104698,-127099,57735,68425
11167.8,-104508,-127005,57698,68398
11169.8,-104443,-126895,57642,68339
11171.8,-104593,-126932,57642,68319
11173.8,-104766,-127151,57724,68390
11175.8,-104775,-127364,57748,68424
11177.8,-104642,-127340,57642,68338
11179.8,-104522,-127183,57571,68288
11181.8,-104531,-127223,57629,68362
11183.8,-104640,-127440,57672,68410
11185.8,-104714,-127503,57623,68351
11187.8,-104669,-127388,57582,68295
11189.8,-104573,-127348,57587,68276
11191.8,-104552,-127412,57565,68230
11193.8,-104657,-127447,57519,68179
11195.8,-104797,-127463,57508,68176
11197.8,-104815,-127453,57520,68177
11199.78,-104696,-127338,57501,68145
11201.75,-104602,-127206,57459,68113
11203.72,-104646,-127193,57444,68116
11205.7,-104749,-127206,57461,68136
11207.7,-104779,-127149,57461,68142
11209.7,-104689,-127143,57432,68132
11211.7,-104559,-127249,57414,68122
11213.7,-104535,-127347,57420,68121
11215.7,-104629,-127400,57426,68121
11217.7,-104652,-127438,57436,68131
11219.7,-104507,-127385,57456,68150
11221.7,-104369,-127238,57463,68156
11223.7,-104408,-127165,57455,68150
11225.7,-104560,-127206,57450,68155
11227.7,-104679,-127237,57441,68165
11229.7,-104683,-127240,57436,68174
11231.7,-104595,-127256,57454,68189
11233.7,-104557,-127243,57451,68177
11235.7,-104653,-127230,57392,68122
11237.7,-104738,-127288,57339,68077
11239.7,-104694,-127299,57318,68064
11241.7,-104656,-127212,57282,68039
11243.7,-104730,-127257,57260,68030
11245.7,-104793,-127503,57319,68092
11247.7,-104763,-127667,57388,68147
11249.7,-104713,-127638,57367,68113
11251.7,-104675,-127613,57314,68056
11253.7,-104651,-127648,57318,68049
11255.7,-104705,-127634,57345,68054
11257.7,-104803,-127593,57351,68052
11259.7,-104811,-127567,57360,68081
11261.7,-104732,-127489,57396,68135
11263.7,-104680,-127338,57462,68191
11265.7,-104688,-127179,57567,68274
11267.7,-104770,-127072,57677,68367
11269.7,-104909,-127054,57733,68415
11271.7,-104926,-127101,57739,68417
11273.7,-104741,-127119,57737,68418
11275.7,-104618,-127106,57734,68412
11277.7,-104761,-127149,57720,68380
11279.67,-104929,-127189,57711,68345
11281.65,-104861,-127104,57712,68338
11283.63,-104673,-126984,57718,68361
11285.6,-104589,-127003,57748,68414
11287.6,-104656,-127096,57802,68480
11289.6,-104804,-127051,57833,68515
11291.6,-104872,-126815,57823,68504
11293.6,-104738,-126525,57829,68501
11295.6,-104591,-126358,57893,68562
11297.6,-104709,-126375,57981,68666
11299.6,-104897,-126439,58021,68728
11301.6,-104771,-126350,57972,68697
11303.6,-104490,-126160,57886,68632
11305.6,-104439,-126120,57864,68636
11307.6,-104492,-126250,57907,68696
11309.6,-104405,-126324,57918,68712
11311.6,-104391,-126314,57893,68682
11313.6,-104566,-126399,57922,68689
11315.6,-104574,-126547,57963,68698
11317.6,-104356,-126572,57883,68611
11319.6,-104352,-126527,57744,68494
11321.6,-104634,-126582,57723,68487
11323.6,-104798,-126720,57805,68558
11325.6,-104746,-126855,57833,68572
11327.6,-104717,-126992,57748,68485
11329.6,-104742,-127145,57587,68324
11331.6,-104741,-127328,57397,68121
11333.6,-104793,-127580,57267,67963
11335.6,-104889,-127800,57246,67908
11337.6,-104839,-127811,57225,67881
11339.6,-104638,-127672,57106,67800
11341.6,-104538,-127601,56982,67714
11343.6,-104639,-127657,56955,67680
11345.6,-104755,-127766,56965,67662
11347.6,-104754,-127897,56933,67626
11349.6,-104751,-127994,56882,67586
11351.6,-104857,-128007,56846,67545
11353.6,-104975,-128044,56832,67511
11355.6,-104967,-128199,56845,67515
11357.6,-104848,-128312,56875,67546
11359.58,-104745,-128227,56907,67586
11361.55,-104768,-128128,56954,67649
11363.53,-104924,-128220,56984,67691
11365.5,-105090,-128326,56932,67634
11367.5,-105111,-128219,56851,67534
11369.5,-104980,-128087,56849,67509
11371.5,-104861,-128233,56897,67532
11373.5,-104901,-128546,56904,67515
11375.5,-105055,-128658,56879,67476
11377.5,-105127,-128490,56863,67451
11379.5,-105032,-128278,56858,67440
11381.5,-104930,-128209,56894,67471
11383.5,-105007,-128249,56968,67520
11385.5,-105212,-128303,57018,67494
11387.5,-105353,-128352,57072,67436
11389.5,-105324,-128391,57236,67481
11391.5,-105173,-128331,57492,67605
11393.5,-105040,-128168,57751,67726
11395.5,-105021,-128120,58013,67924
11397.5,-104961,-128288,58268,68250
11399.5,-104588,-128350,58458,68652
11401.5,-103958,-127976,58644,69212
11403.5,-103432,-127336,58878,70002
11405.5,-103143,-126769,58977,70770
11407.5,-102870,-126264,58794,71283
11409.5,-102492,-125629,58441,71691
11411.5,-102158,-124841,57978,72110
11413.5,-102019,-124072,57280,72327
11415.5,-102146,-123663,56386,72169
11417.5,-102575,-123988,55483,71602
11419.5,-103189,-125026,54528,70468
11421.5,-103760,-126276,53393,68764
11423.5,-104260,-127313,52262,66984
11425.5,-104824,-128045,51466,65683
11427.5,-105374,-128415,51125,64952
11429.5,-105654,-128433,51177,64633
11431.5,-105625,-128436,51546,64640
11433.5,-105469,-128695,52136,64869
11435.5,-105321,-128948,52815,65160
11437.5,-105216,-128885,53496,65461
11439.47,-105149,-128740,54186,65838
11441.45,-105028,-128825,54880,66287
11443.42,-104794,-128951,55464,66670
11445.4,-104621,-128846,55840,66898
11447.4,-104709,-128661,56082,67040
11449.4,-104943,-128636,56292,67173
11451.4,-105023,-128685,56438,67250
11453.4,-104889,-128619,56466,67225
11455.4,-104766,-128456,56434,67152
11457.4,-104844,-128370,56415,67098
11459.4,-105046,-128458,56452,67107
11461.4,-105135,-128568,56541,67185
11463.4,-105004,-128473,56597,67237
11465.4,-104837,-128300,56570,67200
11467.4,-104866,-128418,56577,67190
11469.4,-105048,-128765,56675,67279
11471.4,-105134,-128874,56717,67316
11473.4,-105038,-128702,56646,67220
11475.4,-104912,-128662,56624,67150
11477.4,-104909,-128794,56698,67196
11479.4,-105019,-128747,56706,67239
11481.4,-105117,-128538,56627,67230
11483.4,-105094,-128497,56612,67253
11485.4,-104976,-128589,56671,67304
11487.4,-104902,-128567,56683,67308
11489.4,-104948,-128546,56661,67286
11491.4,-105012,-128714,56682,67292
11493.4,-104976,-128852,56695,67285
11495.4,-104885,-128753,56642,67228
11497.4,-104867,-128654,56611,67201
11499.4,-104966,-128763,56658,67248
11501.4,-105109,-128872,56697,67293
11503.4,-105180,-128802,56694,67305
11505.4,-105091,-128676,56724,67345
11507.4,-104921,-128598,56763,67379
11509.4,-104900,-128538,56715,67312
11511.4,-105115,-128536,56651,67221
11513.4,-105301,-128632,56689,67237
11515.4,-105178,-128714,56757,67292
11517.4,-104882,-128677,56746,67273
11519.38,-104779,-128555,56704,67236
11521.35,-104918,-128445,56696,67249
11523.33,-105013,-128458,56713,67281
11525.3,-104917,-128609,56749,67310
11527.3,-104799,-128716,56775,67331
11529.3,-104833,-128652,56729,67295
11531.3,-104995,-128584,56660,67227
11533.3,-105139,-128674,56672,67227
11535.3,-105119,-128774,56739,67290
11537.3,-104920,-128713,56777,67333
11539.3,-104751,-128584,56807,67361
11541.3,-104820,-128489,56855,67402
11543.3,-105002,-128339,56873,67425
11545.3,-105009,-128122,56860,67422
11547.3,-104834,-128056,56867,67435
11549.3,-104724,-128236,56891,67463
11551.3,-104795,-128422,56893,67462
11553.3,-104917,-128377,56852,67403
11555.3,-104932,-128202,56782,67322
11557.3,-104807,-128160,56773,67326
11559.3,-104657,-128312,56886,67469
11561.3,-104623,-128474,57007,67614
11563.3,-104706,-128474,56996,67622
11565.3,-104784,-128376,56937,67580
11567.3,-104774,-128357,56966,67607
11569.3,-104689,-128432,57024,67642
11571.3,-104609,-128495,57035,67634
11573.3,-104636,-128541,57052,67650
11575.3,-104747,-128556,57076,67673
11577.3,-104746,-128424,57035,67621
11579.3,-104576,-128215,56989,67570
11581.3,-104458,-128182,57036,67627
11583.3,-104540,-128290,57102,67708
11585.3,-104679,-128276,57100,67721
11587.3,-104708,-128180,57105,67736
11589.3,-104634,-128202,57165,67793
11591.3,-104533,-128254,57194,67808
11593.3,-104507,-128206,57165,67769
11595.3,-104623,-128183,57153,67757
11597.2,-104714,-128237,57174,67777
11599.2,-104553,-128222,57180,67789
11601.2,-104294,-128136,57183,67816
11603.2,-104293,-128123,57221,67880
11605.2,-104527,-128180,57278,67942
11607.2,-104650,-128207,57317,67975
11609.2,-104544,-128184,57322,67986
11611.2,-104397,-128134,57295,67977
11613.2,-104362,-128103,57272,67958
11615.2,-104430,-128146,57283,67949
11617.2,-104502,-128207,57298,67950
11619.2,-104485,-128155,57277,67948
11621.2,-104400,-128001,57241,67958
11623.2,-104363,-127901,57235,67994
11625.2,-104407,-127914,57246,68032
11627.2,-104451,-127925,57233,68033
11629.2,-104426,-127860,57196,67995
11631.2,-104340,-127800,57163,67951
11633.2,-104270,-127816,57130,67912
11635.2,-104316,-127833,57090,67868
11637.2,-104466,-127811,57083,67859
11639.2,-104552,-127849,57137,67931
11641.2,-104465,-127952,57195,68025
11643.2,-104322,-127941,57185,68038
11645.2,-104310,-127790,57138,67992
11647.2,-104428,-127727,57122,67981
11649.2,-104491,-127799,57132,67994
11651.2,-104372,-127770,57130,67978
11653.2,-104178,-127617,57122,67953
11655.2,-104124,-127607,57133,67965
11657.2,-104248,-127751,57155,67996
11659.2,-104379,-127769,57170,68020
11661.2,-104371,-127657,57184,68044
11663.2,-104262,-127642,57199,68060
11665.2,-104203,-127683,57188,68031
11667.2,-104298,-127625,57144,67966
11669.2,-104459,-127601,57129,67936
11671.2,-104487,-127733,57186,67971
11673.2,-104368,-127841,57232,67981
11675.2,-104335,-127794,57187,67907
11677.1,-104493,-127697,57122,67826
11679.1,-104640,-127620,57128,67817
11681.1,-104604,-127569,57163,67838
11683.1,-104493,-127649,57189,67854
11685.1,-104483,-127911,57259,67916
11687.1,-104610,-128203,57362,68012
11689.1,-104796,-128378,57387,68030
11691.1,-104912,-128414,57307,67940
11693.1,-104880,-128336,57235,67847
11695.1,-104803,-128216,57235,67824
11697.1,-104836,-128154,57242,67817
11699.1,-104956,-128160,57206,67773
11701.1,-105013,-128160,57181,67737
11703.1,-104958,-128148,57205,67751
11705.1,-104873,-128178,57220,67767
11707.1,-104849,-128250,57195,67744
11709.1,-104905,-128304,57172,67713
11711.1,-104981,-128323,57166,67687
11713.1,-104996,-128339,57153,67653
11715.1,-104962,-128341,57143,67628
11717.1,-104962,-128282,57142,67616
11719.1,-105051,-128203,57117,67588
11721.1,-105189,-128239,57103,67576
11723.1,-105258,-128383,57148,67623
11725.1,-105176,-128430,57168,67647
11727.1,-105038,-128328,57098,67590
11729.1,-105049,-128283,57052,67550
11731.1,-105227,-128346,57105,67586
11733.1,-105352,-128296,57133,67590
11735.1,-105271,-128148,57062,67520
11737.1,-105117,-128207,57004,67472
11739.1,-105105,-128454,57016,67471
11741.1,-105253,-128541,57025,67469
11743.1,-105370,-128452,57002,67469
11745.1,-105321,-128437,56986,67473
11747.1,-105205,-128451,56975,67451
11749.1,-105197,-128371,56963,67434
11751.1,-105286,-128377,56974,67464
11753.1,-105323,-128539,57011,67498
11755.1,-105262,-128588,57042,67498
11757.0,-105176,-128454,57061,67505
11759.0,-105107,-128380,57078,67531
11761.0,-105071,-128395,57089,67534
11763.0,-105101,-128326,57076,67507
11765.0,-105155,-128212,57039,67481
11767.0,-105132,-128177,57002,67464
11769.0,-105063,-128199,56974,67437
11771.0,-105089,-128275,56935,67390
11773.0,-105227,-128445,56904,67349
11775.0,-105328,-128592,56917,67357
11777.0,-105279,-128558,56938,67380
11779.0,-105135,-128385,56911,67353
11781.0,-105072,-128245,56875,67310
11783.0,-105206,-128271,56892,67325
11785.0,-105398,-128447,56923,67358
11787.0,-105384,-128545,56910,67334
11789.0,-105178,-128400,56868,67277
11791.0,-105078,-128255,56829,67239
11793.0,-105218,-128435,56822,67235
11795.0,-105412,-128772,56868,67275
11797.0,-105449,-128825,56906,67310
11799.0,-105310,-128583,56848,67259
11801.0,-105195,-128433,56760,67170
11803.0,-105317,-128505,56758,67171
11805.0,-105531,-128517,56793,67233
11807.0,-105491,-128364,56763,67234
11809.0,-105320,-128370,56716,67189
11811.0,-105421,-128684,56718,67177
11813.0,-105618,-128928,56710,67172
11815.0,-105495,-128863,56663,67136
11817.0,-105313,-128812,56647,67115
11819.0,-105446,-128979,56684,67143
11821.0,-105554,-129060,56705,67182
11823.0,-105378,-128907,56687,67201
11825.0,-105344,-128815,56672,67201
11827.0,-105615,-128917,56684,67201
11829.0,-105731,-129010,56705,67206
11831.0,-105572,-129016,56709,67200
11833.0,-105491,-129010,56692,67172
11835.0,-105546,-128958,56661,67130
11836.9,-105565,-128859,56625,67086
11838.9,-105612,-128855,56614,67069
11840.9,-105711,-128963,56654,67115
11842.9,-105660,-129011,56701,67185
11844.9,-105485,-128963,56687,67192
11846.9,-105469,-128967,56632,67134
11848.9,-105637,-129035,56587,67079
11850.9,-105730,-129033,56544,67031
11852.9,-105657,-128990,56495,66969
11854.9,-105571,-129074,56491,66938
11856.9,-105586,-129246,56538,66971
11858.9,-105673,-129278,56561,67006
11860.9,-105717,-129103,56521,66978
11862.9,-105624,-128897,56476,66933
11864.9,-105477,-128844,56513,66967
11866.9,-105498,-128968,56624,67076
11868.9,-105706,-129095,56683,67130
11870.9,-105821,-129033,56630,67073
11872.9,-105686,-128836,56582,67025
11874.9,-105485,-128735,56617,67047
11876.9,-105428,-128784,56646,67052
11878.9,-105496,-128862,56634,67030
11880.9,-105584,-128909,56667,67077
11882.9,-105612,-128895,56711,67140
11884.9,-105529,-128796,56668,67108
11886.9,-105397,-128760,56622,67064
11888.9,-105389,-128951,56685,67117
11890.9,-105555,-129198,56755,67163
11892.9,-105722,-129195,56706,67084
11894.9,-105719,-128964,56594,66954
11896.9,-105590,-128785,56531,66890
11898.9,-105532,-128790,56545,66916
11900.9,-105626,-128866,56614,66999
11902.9,-105719,-128861,56693,67086
11904.9,-105665,-128770,56750,67142
11906.9,-105560,-128717,56822,67198
11908.9,-105582,-128767,56940,67279
11910.9,-105717,-128837,57049,67344
11912.9,-105828,-128847,57094,67368
11914.9,-105831,-128789,57086,67364
11916.8,-105735,-128647,57048,67331
11918.8,-105659,-128469,56996,67277
11920.8,-105730,-128440,56970,67253
11922.8,-105855,-128585,56999,67288
11924.8,-105813,-128641,57053,67351
11926.8,-105612,-128482,57078,67398
11928.8,-105475,-128307,57077,67430
11930.8,-105516,-128224,57116,67481
11932.8,-105665,-128092,57198,67557
11934.8,-105782,-127898,57241,67595
11936.8,-105755,-127806,57216,67570
11938.8,-105615,-127832,57225,67573
11940.8,-105540,-127873,57324,67668
11942.8,-105586,-127927,57411,67768
11944.8,-105611,-127974,57393,67771
11946.8,-105540,-127917,57317,67714
11948.8,-105457,-127821,57275,67685
11950.8,-105432,-127849,57269,67678
11952.8,-105478,-127940,57243,67640
11954.8,-105568,-127957,57199,67588
11956.8,-105590,-128023,57205,67586
11958.8,-105479,-128234,57260,67635
11960.8,-105393,-128357,57263,67650
11962.8,-105519,-128268,57186,67603
11964.8,-105785,-128238,57127,67552
11966.8,-105945,-128397,57126,67524
11968.8,-105876,-128514,57090,67463
11970.8,-105690,-128562,56964,67335
11972.8,-105628,-128799,56813,67183
11974.8,-105791,-129194,56714,67069
11976.8,-105978,-129431,56669,66999
11978.8,-105935,-129426,56627,66931
11980.8,-105738,-129361,56553,66852
11982.8,-105681,-129375,56486,66815
11984.8,-105831,-129470,56472,66844
11986.8,-105964,-129538,56461,66845
11988.78,-105917,-129459,56396,66767
11990.75,-105798,-129339,56341,66705
11992.72,-105805,-129440,56364,66721
11994.7,-105945,-129738,56406,66736
11996.7,-106033,-129898,56399,66710
11998.7,-105971,-129766,56366,66703
12000.7,-105865,-129564,56348,66723
12002.7,-105840,-129517,56355,66737
12004.7,-105882,-129601,56409,66778
12006.7,-105912,-129683,56484,66851
12008.7,-105887,-129689,56484,66856
12010.7,-105816,-129613,56388,66762
12012.7,-105791,-129549,56310,66682
12014.7,-105907,-129633,56320,66674
12016.7,-106093,-129789,56343,66661
12018.7,-106156,-129747,56307,66602
12020.7,-106043,-129486,56268,66570
12022.7,-105926,-129349,56321,66616
12024.7,-105997,-129532,56457,66695
12026.7,-106242,-129792,56588,66742
12028.7,-106449,-129838,56667,66731
12030.7,-106418,-129718,56747,66688
12032.7,-106203,-129674,56920,66693
12034.7,-106033,-129789,57225,66848
12036.7,-106000,-129928,57590,67155
12038.7,-105931,-129968,57886,67503
12040.7,-105626,-129827,58066,67855
12042.7,-105076,-129358,58230,68358
12044.7,-104472,-128604,58449,69098
12046.7,-104031,-127963,58582,69865
12048.7,-103774,-127591,58442,70413
12050.7,-103513,-127070,58067,70788
12052.7,-103200,-126222,57608,71153
12054.7,-103086,-125546,57054,71433
12056.7,-103337,-125436,56284,71377
12058.7,-103798,-125824,55284,70781
12060.7,-104295,-126695,54150,69561
12062.7,-104844,-127990,52990,67875
12064.7,-105462,-129202,51931,66172
12066.7,-106096,-129885,51134,64877
12068.67,-106680,-130173,50735,64111
12070.65,-107016,-130318,50789,63818
12072.63,-106890,-130349,51208,63898
12074.6,-106469,-130343,51785,64152
12076.6,-106184,-130443,52371,64393
12078.6,-106168,-130586,52992,64644
12080.6,-106199,-130588,53673,64998
12082.6,-106113,-130400,54307,65393
12084.6,-105958,-130158,54800,65707
12086.6,-105868,-130041,55205,65943
12088.6,-105936,-130059,55577,66157
12090.6,-106072,-130021,55837,66306
12092.6,-106064,-129838,55914,66325
12094.6,-105912,-129695,55917,66282
12096.6,-105853,-129755,55994,66315
12098.6,-105975,-129922,56123,66431
12100.6,-106125,-130047,56205,66528
12102.6,-106169,-130109,56233,66562
12104.6,-106097,-130101,56230,66558
12106.6,-105987,-129995,56197,66530
12108.6,-105985,-129922,56182,66512
12110.6,-106136,-130022,56232,66535
12112.6,-106250,-130153,56265,66535
12114.6,-106168,-130096,56220,66466
12116.6,-106008,-129967,56194,66421
12118.6,-105977,-129990,56260,66480
12120.6,-106101,-130096,56337,66574
12122.6,-106238,-130104,56357,66618
12124.6,-106223,-130006,56343,66613
12126.6,-106049,-129849,56312,66579
12128.6,-105939,-129719,56283,66548
12130.6,-106042,-129806,56306,66564
12132.6,-106177,-130081,56355,66598
12134.6,-106137,-130190,56342,66572
12136.6,-106022,-130037,56284,66507
12138.6,-106003,-129949,56284,66502
12140.6,-106058,-130016,56350,66567
12142.6,-106113,-129982,56376,66601
12144.6,-106134,-129851,56339,66577
12146.6,-106052,-129883,56339,66589
12148.58,-105922,-130048,56410,66664
12150.55,-105963,-130130,56456,66704
12152.53,-106177,-130138,56438,66671
12154.5,-106270,-130128,56413,66631
12156.5,-106124,-130002,56379,66581
12158.5,-105953,-129801,56326,66508
12160.5,-105941,-129782,56359,66540
12162.5,-106084,-129982,56503,66713
12164.5,-106252,-130131,56580,66811
12166.5,-106240,-130101,56538,66747
12168.5,-106009,-130055,56544,66712
12170.5,-105885,-130101,56609,66754
12172.5,-106087,-130132,56573,66716
12174.5,-106315,-130065,56479,66618
12176.5,-106232,-129972,56490,66609
12178.5,-106009,-129910,56555,66652
12180.5,-105968,-129865,56551,66658
12182.5,-106106,-129868,56529,66681
12184.5,-106240,-129944,56562,66748
12186.5,-106264,-130009,56600,66783
12188.5,-106181,-130007,56606,66773
12190.5,-106101,-130022,56602,66763
12192.5,-106156,-130083,56609,66765
12194.5,-106277,-130089,56638,66789
12196.5,-106254,-130000,56689,66845
12198.5,-106047,-129871,56724,66888
12200.5,-105850,-129739,56721,66894
12202.5,-105836,-129649,56713,66905
12204.5,-105966,-129652,56735,66944
12206.5,-106051,-129682,56780,66992
12208.5,-105974,-129643,56813,67024
12210.5,-105835,-129576,56797,67015
12212.5,-105800,-129571,56762,66976
12214.5,-105869,-129626,56767,66965
12216.5,-105929,-129683,56799,66988
12218.5,-105913,-129633,56796,66992
12220.5,-105805,-129396,56771,66977
12222.5,-105662,-129169,56782,66996
12224.5,-105635,-129272,56832,67061
12226.5,-105749,-129559,56874,67132
12228.47,-105773,-129550,56873,67162
12230.45,-105604,-129307,56851,67144
12232.42,-105497,-129353,56888,67153
12234.4,-105641,-129676,57000,67230
12236.4,-105849,-129768,57071,67286
12238.4,-105883,-129578,57035,67255
12240.4,-105746,-129465,56994,67229
12242.4,-105581,-129443,57022,67279
12244.4,-105539,-129315,57048,67320
12246.4,-105660,-129183,57033,67307
12248.4,-105763,-129199,57039,67317
12250.4,-105670,-129250,57088,67371
12252.4,-105506,-129235,57111,67392
12254.4,-105485,-129207,57065,67342
12256.4,-105578,-129181,57002,67280
12258.4,-105625,-129163,57011,67291
12260.4,-105568,-129216,57091,67380
12262.4,-105455,-129286,57134,67447
12264.4,-105386,-129266,57099,67439
12266.4,-105447,-129233,57073,67429
12268.4,-105555,-129281,57094,67461
12270.4,-105543,-129275,57093,67466
12272.4,-105429,-129134,57066,67428
12274.4,-105375,-129042,57068,67416
12276.4,-105422,-129088,57063,67413
12278.4,-105489,-129105,57012,67368
12280.4,-105526,-129084,56988,67355
12282.4,-105498,-129207,57053,67447
12284.4,-105408,-129372,57120,67552
12286.4,-105385,-129321,57099,67556
12288.4,-105529,-129188,57035,67503
12290.4,-105691,-129266,57020,67488
12292.4,-105653,-129417,57047,67497
12294.4,-105462,-129355,57040,67466
12296.4,-105353,-129187,57007,67430
12298.4,-105448,-129147,57035,67469
12300.4,-105646,-129177,57111,67551
12302.4,-105708,-129108,57118,67559
12304.4,-105521,-128965,57053,67500
12306.4,-105355,-128918,57048,67499
12308.38,-105517,-129045,57136,67577
12310.35,-105782,-129166,57201,67620
12312.33,-105748,-129093,57195,67582
12314.3,-105573,-128990,57180,67534
12316.3,-105605,-129079,57187,67519
12318.3,-105691,-129197,57195,67506
12320.3,-105630,-129170,57200,67482
12322.3,-105658,-129185,57214,67474
12324.3,-105837,-129315,57242,67502
12326.3,-105844,-129330,57283,67543
12328.3,-105724,-129219,57304,67537
12330.3,-105832,-129182,57274,67469
12332.3,-106046,-129204,57235,67406
12334.3,-106019,-129174,57235,67385
12336.3,-105887,-129139,57236,67365
12338.3,-105903,-129138,57214,67340
12340.3,-105947,-129168,57227,67357
12342.3,-105932,-129267,57280,67401
12344.3,-106030,-129353,57300,67410
12346.3,-106217,-129307,57282,67395
12348.3,-106229,-129267,57291,67393
12350.3,-106083,-129391,57309,67385
12352.3,-106085,-129522,57276,67346
12354.3,-106294,-129519,57223,67300
12356.3,-106416,-129507,57221,67272
12358.3,-106292,-129522,57247,67258
12360.3,-106129,-129424,57228,67235
12362.3,-106149,-129285,57180,67199
12364.3,-106274,-129313,57175,67178
12366.3,-106321,-129427,57198,67179
12368.3,-106253,-129409,57184,67170
12370.3,-106167,-129347,57152,67155
12372.3,-106185,-129451,57164,67170
12374.3,-106349,-129661,57204,67202
12376.3,-106516,-129808,57218,67204
12378.3,-106481,-129851,57197,67171
12380.3,-106292,-129793,57156,67129
12382.3,-106208,-129675,57119,67109
12384.3,-106329,-129635,57130,67135
12386.3,-106476,-129708,57185,67181
12388.28,-106494,-129729,57210,67180
12390.25,-106434,-129639,57160,67111
12392.22,-106414,-129575,57069,67016
12394.2,-106455,-129618,57014,66953
12396.2,-106500,-129729,57032,66957
12398.2,-106515,-129832,57068,66992
12400.2,-106506,-129836,57037,66982
12402.2,-106485,-129754,56976,66940
12404.2,-106479,-129754,56964,66936
12406.2,-106539,-129862,56967,66952
12408.2,-106639,-129908,56941,66949
12410.2,-106643,-129876,56948,66970
12412.2,-106508,-129904,57000,67012
12414.2,-106416,-129937,57000,66995
12416.2,-106521,-129896,56956,66943
12418.2,-106702,-129931,56958,66943
12420.2,-106727,-130038,56969,66960
12422.2,-106567,-129939,56934,66947
12424.2,-106409,-129688,56936,66970
12426.2,-106431,-129683,57008,67033
12428.2,-106573,-129894,57023,67020
12430.2,-106593,-129908,56944,66925
12432.2,-106426,-129732,56890,66868
12434.2,-106333,-129716,56898,66874
12436.2,-106490,-129866,56897,66875
12438.2,-106670,-129944,56887,66871
12440.2,-106611,-129928,56923,66903
12442.2,-106401,-129891,56978,66949
12444.2,-106272,-129801,56975,66952
12446.2,-106302,-129704,56917,66909
12448.2,-106445,-129746,56884,66879
12450.2,-106604,-129918,56919,66907
12452.2,-106644,-130037,56964,66946
12454.2,-106555,-129991,56941,66915
12456.2,-106491,-129877,56870,66827
12458.2,-106537,-129858,56834,66778
12460.2,-106621,-129940,56849,66806
12462.2,-106671,-129976,56864,66858
12464.2,-106669,-129918,56847,66870
12466.2,-106618,-129875,56812,66837
12468.17,-106592,-129909,56785,66802
12470.15,-106671,-129962,56782,66798
12472.13,-106758,-130016,56795,66801
12474.1,-106716,-130107,56805,66779
12476.1,-106633,-130197,56802,66753
12478.1,-106682,-130219,56802,66763
12480.1,-106821,-130195,56805,66782
12482.1,-106875,-130152,56783,66765
12484.1,-106785,-130077,56734,66725
12486.1,-106662,-130043,56721,66731
12488.1,-106670,-130142,56781,66799
12490.1,-106832,-130257,56825,66842
12492.1,-106936,-130213,56768,66791
12494.1,-106807,-130094,56694,66718
12496.1,-106611,-130079,56702,66712
12498.1,-106630,-130125,56726,66720
12500.1,-106857,-130166,56696,66686
12502.1,-107049,-130252,56680,66670
12504.1,-107053,-130299,56697,66687
12506.1,-106934,-130158,56660,66660
12508.1,-106875,-130010,56602,66616
12510.1,-106967,-130111,56625,66641
12512.1,-107060,-130297,56671,66680
12514.1,-106966,-130294,56653,66660
12516.1,-106783,-130225,56639,66648
12518.1,-106746,-130278,56689,66699
12520.1,-106857,-130317,56733,66742
12522.1,-106942,-130203,56730,66751
12524.1,-106931,-130094,56731,66773
12526.1,-106848,-130130,56747,66802
12528.1,-106745,-130214,56748,66800
12530.1,-106747,-130248,56735,66772
12532.1,-106895,-130283,56730,66742
12534.1,-107005,-130310,56730,66717
12536.1,-106940,-130195,56693,66669
12538.1,-106838,-129943,56603,66579
12540.1,-106868,-129820,56557,66535
12542.1,-106991,-130001,56665,66647
12544.1,-107077,-130234,56843,66834
12546.1,-107042,-130148,56939,66926
12548.08,-106880,-129815,56971,66941
12550.05,-106749,-129660,57040,66999
12552.03,-106832,-129826,57122,67081
12554.0,-107020,-130002,57154,67103
12556.0,-107032,-129936,57151,67077
12558.0,-106854,-129731,57147,67058
12560.0,-106751,-129575,57154,67057
12562.0,-106854,-129513,57168,67066
12564.0,-106998,-129536,57182,67085
12566.0,-106978,-129607,57213,67130
12568.0,-106808,-129640,57280,67205
12570.0,-106713,-129627,57338,67263
12572.0,-106815,-129602,57354,67285
12574.0,-106948,-129493,57387,67334
12576.0,-106908,-129271,57462,67410
12578.0,-106764,-129079,57489,67423
12580.0,-106707,-128992,57451,67392
12582.0,-106771,-128927,57454,67436
12584.0,-106875,-128893,57526,67547
12586.0,-106936,-128962,57571,67611
12588.0,-106872,-129016,57531,67585
12590.0,-106723,-128940,57438,67508
12592.0,-106690,-128865,57358,67422
12594.0,-106854,-128929,57339,67380
12596.0,-107015,-129068,57372,67400
12598.0,-106975,-129182,57400,67434
12600.0,-106781,-129253,57413,67453
12602.0,-106627,-129277,57428,67465
12604.0,-106668,-129270,57411,67448
12606.0,-106902,-129305,57351,67394
12608.0,-107120,-129431,57301,67342
12610.0,-107116,-129607,57251,67272
12612.0,-106970,-129751,57118,67121
12614.0,-106933,-129860,56923,66925
12616.0,-107060,-130035,56795,66793
12618.0,-107172,-130264,56772,66749
12620.0,-107142,-130336,56762,66724
12622.0,-107039,-130219,56711,66682
12624.0,-107010,-130239,56678,66665
12626.0,-107102,-130518,56697,66700
12627.97,-107187,-130655,56684,66709
12629.95,-107124,-130426,56580,66615
12631.92,-106990,-130250,56500,66513
12633.9,-107009,-130465,56543,66533
12635.9,-107213,-130747,56601,66592
12637.9,-107363,-130744,56564,66562
12639.9,-107275,-130618,56515,66513
12641.9,-107053,-130539,56520,66531
12643.9,-106943,-130372,56498,66531
12645.9,-107035,-130199,56438,66476
12647.9,-107193,-130336,56436,66466
12649.9,-107234,-130668,56489,66511
12651.9,-107164,-130769,56506,66510
12653.9,-107145,-130655,56472,66454
12655.9,-107239,-130684,56435,66412
12657.9,-107323,-130887,56441,66421
12659.9,-107311,-131003,56511,66479
12661.9,-107269,-130913,56581,66533
12663.9,-107291,-130730,56596,66540
12665.9,-107404,-130663,56640,66555
12667.9,-107580,-130816,56788,66627
12669.9,-107712,-130989,56945,66677
12671.9,-107665,-130937,57066,66665
12673.9,-107475,-130765,57274,66720
12675.9,-107331,-130692,57604,66918
12677.9,-107289,-130675,57899,67165
12679.9,-107151,-130614,58081,67421
12681.9,-106717,-130533,58266,67827
12683.9,-106065,-130327,58547,68496
12685.9,-105500,-129860,58821,69298
12687.9,-105200,-129269,58908,69989
12689.9,-105008,-128706,58752,70487
12691.9,-104699,-128039,58405,70883
12693.9,-104359,-127216,57875,71184
12695.9,-104262,-126542,57137,71274
12697.9,-104511,-126378,56257,71051
12699.9,-105012,-126867,55300,70379
12701.9,-105625,-127888,54235,69115
12703.9,-106242,-129079,53096,67428
12705.9,-106857,-130062,52076,65814
12707.88,-107504,-130697,51350,64641
12709.85,-108030,-131017,51012,63967
12711.83,-108172,-131133,51109,63743
12713.8,-107956,-131254,51544,63835
12715.8,-107705,-131485,52094,64035
12717.8,-107620,-131671,52682,64279
12719.8,-107635,-131693,53375,64639
12721.8,-107624,-131629,54113,65065
12723.8,-107519,-131474,54724,65423
12725.8,-107343,-131154,55159,65688
12727.8,-107234,-130860,55497,65901
12729.8,-107294,-130878,55788,66070
12731.8,-107425,-131091,56010,66195
12733.8,-107457,-131135,56113,66248
12735.8,-107355,-130987,56126,66222
12737.8,-107252,-130925,56168,66210
12739.8,-107293,-131007,56289,66297
12741.8,-107434,-131032,56401,66418
12743.8,-107470,-130952,56452,66488
12745.8,-107336,-130911,56489,66519
12747.8,-107212,-130929,56525,66527
12749.8,-107237,-130907,56528,66502
12751.8,-107332,-130884,56516,66477
12753.8,-107374,-130969,56521,66474
12755.8,-107308,-131075,56546,66467
12757.8,-107164,-131004,56587,66458
12759.8,-107095,-130788,56616,66470
12761.8,-107222,-130690,56601,66492
12763.8,-107377,-130804,56586,66519
12765.8,-107327,-130926,56633,66583
12767.8,-107170,-130931,56710,66666
12769.8,-107158,-130962,56737,66700
12771.8,-107284,-131085,56709,66658
12773.8,-107363,-131118,56660,66573
12775.8,-107344,-130991,56621,66501
12777.8,-107293,-130890,56612,66482
12779.8,-107282,-130912,56638,66518
12781.8,-107348,-130970,56680,66583
12783.8,-107417,-131042,56737,66662
12785.8,-107375,-131175,56804,66739
12787.78,-107267,-131269,56844,66772
12789.75,-107233,-131183,56820,66734
12791.72,-107268,-131019,56765,66661
12793.7,-107297,-130989,56746,66621
12795.7,-107316,-131075,56774,66626
12797.7,-107314,-131101,56785,66622
12799.7,-107254,-131049,56756,66595
12801.7,-107222,-131053,56758,66613
12803.7,-107318,-131104,56825,66691
12805.7,-107438,-131057,56878,66741
12807.7,-107414,-130916,56855,66712
12809.7,-107262,-130833,56818,66675
12811.7,-107144,-130870,56837,66696
12813.7,-107197,-130965,56898,66752
12815.7,-107398,-131056,56936,66781
12817.7,-107500,-131054,56915,66746
12819.7,-107324,-130903,56862,66687
12821.7,-107129,-130783,56865,66701
12823.7,-107258,-130904,56937,66793
12825.7,-107496,-131093,56969,66833
12827.7,-107427,-131026,56914,66771
12829.7,-107229,-130808,56872,66724
12831.7,-107287,-130786,56914,66767
12833.7,-107416,-130936,56976,66831
12835.7,-107308,-130989,56996,66856
12837.7,-107182,-130931,56999,66865
12839.7,-107234,-130904,57020,66891
12841.7,-107225,-130866,57055,66937
12843.7,-107090,-130756,57074,66983
12845.7,-107092,-130677,57077,67012
12847.7,-107192,-130694,57107,67047
12849.7,-107137,-130707,57162,67088
12851.7,-107025,-130662,57178,67085
12853.7,-107046,-130633,57167,67057
12855.7,-107058,-130658,57199,67082
12857.7,-106953,-130667,57238,67115
12859.7,-106924,-130630,57214,67087
12861.7,-107033,-130585,57195,67087
12863.7,-107049,-130494,57231,67164
12865.7,-106903,-130326,57234,67187
12867.67,-106842,-130247,57205,67144
12869.65,-106973,-130400,57259,67184
12871.63,-107056,-130558,57339,67256
12873.6,-106915,-130429,57301,67201
12875.6,-106733,-130151,57225,67116
12877.6,-106747,-130046,57268,67175
12879.6,-106896,-130100,57381,67301
12881.6,-106952,-130137,57447,67359
12883.6,-106835,-130163,57475,67386
12885.6,-106662,-130208,57509,67442
12887.6,-106609,-130233,57554,67498
12889.6,-106733,-130310,57595,67529
12891.6,-106888,-130464,57594,67530
12893.6,-106884,-130479,57548,67496
12895.6,-106758,-130274,57524,67468
12897.6,-106702,-130120,57549,67492
12899.6,-106755,-130134,57555,67527
12901.6,-106779,-130087,57511,67519
12903.6,-106703,-129939,57479,67493
12905.6,-106596,-129917,57497,67507
12907.6,-106548,-129995,57512,67541
12909.6,-106590,-129968,57474,67534
12911.6,-106682,-129943,57431,67506
12913.6,-106736,-130128,57473,67547
12915.6,-106696,-130339,57554,67627
12917.6,-106601,-130270,57542,67618
12919.6,-106537,-130027,57459,67549
12921.6,-106565,-129952,57453,67574
12923.6,-106661,-130106,57532,67683
12925.6,-106700,-130233,57568,67729
12927.6,-106592,-130165,57535,67697
12929.6,-106463,-130031,57504,67676
12931.6,-106516,-130036,57501,67675
12933.6,-106698,-130159,57517,67670
12935.6,-106745,-130223,57543,67682
12937.6,-106590,-130165,57557,67705
12939.6,-106471,-130081,57559,67711
12941.6,-106556,-130015,57554,67702
12943.6,-106716,-129939,57516,67677
12945.6,-106757,-129894,57467,67650
12947.58,-106695,-129959,57493,67666
12949.55,-106663,-130083,57568,67705
12951.53,-106716,-130120,57579,67686
12953.5,-106810,-130064,57547,67630
12955.5,-106871,-130047,57568,67620
12957.5,-106825,-130111,57615,67640
12959.5,-106697,-130153,57638,67646
12961.5,-106668,-130133,57668,67657
12963.5,-106849,-130126,57685,67659
12965.5,-107047,-130174,57656,67630
12967.5,-107015,-130212,57654,67627
12969.5,-106857,-130169,57705,67649
12971.5,-106882,-130065,57691,67595
12973.5,-107125,-130007,57606,67497
12975.5,-107317,-130049,57588,67487
12977.5,-107294,-130103,57644,67541
12979.5,-107171,-130088,57670,67557
12981.5,-107112,-130084,57668,67558
12983.5,-107149,-130169,57682,67573
12985.5,-107236,-130239,57681,67553
12987.5,-107321,-130201,57662,67521
12989.5,-107349,-130167,57674,67544
12991.5,-107315,-130262,57720,67586
12993.5,-107323,-130408,57757,67585
12995.5,-107448,-130469,57755,67560
12997.5,-107558,-130444,57717,67532
12999.5,-107463,-130407,57686,67500
13001.5,-107257,-130374,57689,67483
13003.5,-107258,-130349,57702,67494
13005.5,-107519,-130373,57698,67502
13007.5,-107705,-130457,57689,67486
13009.5,-107595,-130535,57682,67463
13011.5,-107379,-130556,57692,67465
13013.5,-107329,-130579,57725,67496
13015.5,-107463,-130650,57743,67510
13017.5,-107616,-130687,57709,67480
13019.5,-107628,-130602,57676,67460
13021.5,-107484,-130488,57690,67490
13023.5,-107379,-130498,57708,67519
13025.5,-107494,-130602,57677,67493
13027.47,-107690,-130631,57619,67431
13029.45,-107707,-130534,57570,67378
13031.42,-107581,-130425,57534,67350
13033.4,-107534,-130420,57513,67332
13035.4,-107593,-130543,57517,67326
13037.4,-107639,-130733,57550,67350
13039.4,-107639,-130862,57578,67386
13041.4,-107596,-130823,57559,67383
13043.4,-107513,-130630,57508,67340
13045.4,-107492,-130451,57474,67309
13047.4,-107625,-130477,57473,67308
13049.4,-107783,-130734,57517,67340
13051.4,-107761,-131001,57604,67407
13053.4,-107591,-131042,57654,67451
13055.4,-107484,-130909,57605,67416
13057.4,-107547,-130844,57546,67375
13059.4,-107677,-130891,57557,67404
13061.4,-107673,-130871,57565,67427
13063.4,-107487,-130780,57530,67394
13065.4,-107374,-130831,57527,67382
13067.4,-107569,-131035,57551,67396
13069.4,-107857,-131121,57525,67368
13071.4,-107847,-130984,57475,67322
13073.4,-107601,-130803,57450,67298
13075.4,-107500,-130700,57425,67264
13077.4,-107643,-130670,57416,67252
13079.4,-107804,-130728,57473,67321
13081.4,-107819,-130798,57534,67384
13083.4,-107699,-130730,57518,67347
13085.4,-107568,-130634,57471,67288
13087.4,-107594,-130755,57451,67286
13089.4,-107774,-130977,57437,67294
13091.4,-107880,-131018,57413,67277
13093.4,-107802,-130933,57387,67252
13095.4,-107713,-130880,57351,67216
13097.4,-107754,-130770,57328,67181
13099.4,-107854,-130622,57347,67184
13101.4,-107900,-130708,57394,67220
13103.4,-107850,-131006,57460,67280
13105.4,-107714,-131112,57527,67346
13107.38,-107600,-130930,57523,67345
13109.35,-107649,-130821,57442,67258
13111.33,-107811,-130941,57404,67206
13113.3,-107876,-131065,57446,67248
13115.3,-107780,-131082,57485,67298
13117.3,-107685,-131110,57500,67317
13119.3,-107712,-131124,57511,67331
13121.3,-107783,-131013,57475,67313
13123.3,-107779,-130896,57424,67277
13125.3,-107715,-130942,57461,67308
13127.3,-107698,-131041,57517,67359
13129.3,-107787,-131039,57466,67311
13131.3,-107927,-131038,57405,67236
13133.3,-107987,-131141,57454,67256
13135.3,-107888,-131203,57492,67289
13137.3,-107736,-131107,57415,67243
13139.3,-107759,-131002,57349,67210
13141.3,-107980,-131049,57388,67249
13143.3,-108123,-131186,57445,67288
13145.3,-108007,-131250,57452,67294
13147.3,-107821,-131211,57441,67297
13149.3,-107811,-131191,57425,67284
13151.3,-107947,-131273,57402,67243
13153.3,-108062,-131339,57395,67218
13155.3,-108049,-131209,57416,67235
13157.3,-107900,-130961,57458,67285
13159.3,-107760,-130848,57522,67355
13161.3,-107818,-130855,57601,67421
13163.3,-107992,-130735,57681,67481
13165.3,-108005,-130525,57776,67574
13167.3,-107847,-130521,57892,67690
13169.3,-107782,-130729,57960,67733
13171.3,-107904,-130858,57917,67662
13173.3,-108052,-130812,57828,67576
13175.3,-108080,-130737,57813,67578
13177.3,-107981,-130705,57873,67641
13179.3,-107850,-130669,57903,67678
13181.3,-107834,-130619,57894,67697
13183.3,-107939,-130579,57934,67764
13185.2,-107988,-130542,58036,67864
13187.2,-107879,-130436,58110,67920
13189.2,-107740,-130178,58121,67927
13191.2,-107743,-129891,58126,67940
13193.2,-107893,-129855,58179,67989
13195.2,-108017,-130054,58267,68066
13197.2,-107924,-130112,58320,68133
13199.2,-107656,-129884,58304,68161
13201.2,-107477,-129637,58265,68159
13203.2,-107526,-129561,58235,68144
13205.2,-107676,-129631,58199,68108
13207.2,-107760,-129830,58180,68080
13209.2,-107709,-130043,58205,68089
13211.2,-107572,-130072,58214,68089
13213.2,-107536,-130000,58181,68055
13215.2,-107705,-130041,58158,68024
13217.2,-107859,-130097,58136,67983
13219.2,-107805,-130079,58089,67930
13221.2,-107773,-130240,58092,67945
13223.2,-107995,-130594,58110,67973
13225.2,-108236,-130756,57961,67817
13227.2,-108190,-130732,57706,67554
13229.2,-107977,-130941,57613,67462
13231.2,-107873,-131314,57658,67499
13233.2,-107929,-131421,57609,67430
13235.2,-108051,-131340,57512,67328
13237.2,-108136,-131419,57515,67354
13239.2,-108079,-131547,57502,67365
13241.2,-107918,-131507,57367,67249
13243.2,-107866,-131495,57273,67175
13245.2,-108017,-131646,57306,67216
13247.2,-108198,-131715,57319,67208
13249.2,-108239,-131631,57250,67113
13251.2,-108169,-131650,57214,67067
13253.2,-108098,-131800,57252,67103
13255.2,-108088,-131872,57292,67157
13257.2,-108134,-131862,57307,67206
13259.2,-108155,-131854,57315,67229
13261.2,-108076,-131747,57299,67197
13263.2,-107979,-131548,57253,67143
13265.1,-108010,-131495,57232,67127
13267.1,-108154,-131655,57267,67149
13269.1,-108256,-131850,57317,67173
13271.1,-108224,-131982,57348,67198
13273.1,-108100,-132030,57383,67234
13275.1,-108037,-131928,57418,67258
13277.1,-108187,-131748,57412,67246
13279.1,-108462,-131707,57409,67226
13281.1,-108555,-131809,57482,67222
13283.1,-108397,-131825,57577,67199
13285.1,-108300,-131721,57656,67171
13287.1,-108452,-131718,57855,67246
13289.1,-108600,-131874,58227,67445
13291.1,-108475,-131950,58590,67676
13293.1,-108160,-131817,58831,67920
13295.1,-107849,-131652,59068,68261
13297.1,-107535,-131539,59377,68759
13299.1,-107109,-131233,59685,69430
13301.1,-106564,-130609,59914,70211
13303.1,-105996,-129938,59993,70908
13305.1,-105520,-129397,59847,71417
13307.1,-105233,-128767,59499,71856
13309.1,-105162,-127942,59000,72251
13311.1,-105228,-127287,58300,72355
13313.1,-105378,-127250,57356,71943
13315.1,-105730,-127964,56246,70971
13317.1,-106390,-129201,55075,69491
13319.1,-107234,-130492,53941,67774
13321.1,-108034,-131419,52980,66285
13323.1,-108622,-131878,52319,65280
13325.1,-108869,-131967,52040,64705
13327.1,-108832,-131883,52174,64506
13329.1,-108820,-131965,52617,64636
13331.1,-108918,-132348,53159,64893
13333.1,-108837,-132637,53706,65127
13335.1,-108533,-132501,54305,65422
13337.1,-108315,-132236,54955,65839
13339.1,-108224,-132198,55562,66255
13341.1,-108111,-132254,56049,66553
13343.1,-108102,-132221,56405,66745
13345.0,-108222,-132194,56666,66885
13347.0,-108172,-132196,56863,66985
13349.0,-108015,-132117,56974,67029
13351.0,-108142,-132014,57010,67031
13353.0,-108388,-132013,57062,67053
13355.0,-108319,-132056,57141,67104
13357.0,-108142,-132054,57171,67141
13359.0,-108219,-132024,57173,67177
13361.0,-108318,-131972,57218,67237
13363.0,-108200,-131920,57261,67259
13365.0,-108139,-131998,57254,67229
13367.0,-108281,-132201,57251,67210
13369.0,-108338,-132255,57248,67181
13371.0,-108216,-132031,57210,67106
13373.0,-108170,-131829,57233,67110
13375.0,-108273,-131915,57368,67259
13377.0,-108314,-132096,57456,67371
13379.0,-108194,-132068,57410,67332
13381.0,-108050,-131903,57367,67291
13383.0,-108049,-131875,57410,67351
13385.0,-108187,-132023,57451,67407
13387.0,-108277,-132148,57446,67395
13389.0,-108169,-132122,57436,67372
13391.0,-107995,-132029,57430,67365
13393.0,-107993,-132000,57414,67345
13395.0,-108128,-131985,57390,67309
13397.0,-108173,-131860,57368,67281
13399.0,-108078,-131731,57378,67303
13401.0,-107983,-131836,57447,67394
13403.0,-107979,-132076,57521,67483
13405.0,-108072,-132110,57516,67487
13407.0,-108205,-131960,57466,67444
13409.0,-108242,-131929,57466,67437
13411.0,-108137,-131980,57504,67444
13413.0,-108050,-131904,57507,67417
13415.0,-108100,-131844,57506,67414
13417.0,-108171,-131947,57557,67489
13419.0,-108124,-131945,57588,67554
13421.0,-108004,-131717,57540,67531
13423.0,-107930,-131600,57510,67501
13424.9,-107966,-131752,57561,67532
13426.9,-108108,-131921,57604,67555
13428.9,-108244,-131969,57598,67536
13430.9,-108205,-131912,57599,67521
13432.9,-108016,-131670,57585,67496
13434.9,-107919,-131389,57539,67464
13436.9,-108039,-131480,57591,67547
13438.9,-108192,-131877,57767,67742
13440.9,-108169,-132016,57862,67835
13442.9,-108016,-131780,57807,67767
13444.9,-107919,-131621,57772,67725
13446.9,-107950,-131702,57815,67760
13448.9,-108030,-131767,57827,67761
13450.9,-108061,-131773,57805,67742
13452.9,-108013,-131857,57817,67773
13454.9,-107937,-131861,57823,67792
13456.9,-107924,-131618,57792,67768
13458.9,-107999,-131403,57783,67781
13460.9,-108049,-131495,57818,67843
13462.9,-107949,-131651,57854,67885
13464.9,-107777,-131602,57884,67910
13466.9,-107754,-131552,57930,67962
13468.9,-107916,-131706,57980,68016
13470.9,-108034,-131815,57981,68010
13472.9,-107934,-131645,57905,67936
13474.9,-107738,-131418,57835,67886
13476.9,-107675,-131402,57886,67954
13478.9,-107780,-131490,58016,68088
13480.9,-107891,-131496,58093,68172
13482.9,-107877,-131495,58124,68221
13484.9,-107783,-131593,58177,68288
13486.9,-107722,-131628,58182,68303
13488.9,-107741,-131449,58104,68238
13490.9,-107808,-131256,58075,68221
13492.9,-107836,-131278,58151,68295
13494.9,-107727,-131368,58213,68353
13496.88,-107531,-131325,58208,68368
13498.85,-107452,-131266,58209,68399
13500.83,-107539,-131310,58241,68443
13502.8,-107581,-131316,58271,68486
13504.8,-107470,-131220,58278,68525
13506.8,-107368,-131162,58244,68516
13508.8,-107397,-131173,58199,68462
13510.8,-107487,-131171,58211,68463
13512.8,-107553,-131187,58260,68517
13514.8,-107534,-131239,58257,68516
13516.8,-107401,-131187,58213,68482
13518.8,-107296,-130997,58206,68513
13520.8,-107379,-130851,58227,68571
13522.8,-107478,-130832,58242,68584
13524.8,-107341,-130789,58255,68593
13526.8,-107118,-130670,58250,68622
13528.8,-107116,-130690,58220,68620
13530.8,-107300,-130942,58206,68595
13532.8,-107419,-131120,58212,68593
13534.8,-107373,-130961,58202,68614
13536.8,-107226,-130741,58209,68653
13538.8,-107128,-130819,58263,68713
13540.8,-107224,-130997,58300,68764
13542.8,-107442,-130939,58301,68805
13544.8,-107536,-130792,58318,68865
13546.8,-107433,-130761,58317,68882
13548.8,-107303,-130696,58233,68797
13550.8,-107283,-130581,58156,68710
13552.8,-107372,-130657,58178,68730
13554.8,-107466,-130838,58228,68800
13556.8,-107420,-130851,58248,68835
13558.8,-107259,-130825,58283,68851
13560.8,-107235,-130958,58326,68862
13562.8,-107431,-131031,58325,68850
13564.8,-107592,-130893,58318,68828
13566.8,-107543,-130796,58343,68807
13568.8,-107439,-130897,58360,68777
13570.8,-107462,-131055,58358,68752
13572.8,-107598,-131188,58383,68752
13574.8,-107752,-131289,58422,68746
13576.78,-107796,-131251,58423,68723
13578.75,-107643,-131082,58425,68737
13580.72,-107456,-130987,58485,68808
13582.7,-107513,-131040,58542,68853
13584.7,-107777,-131113,58505,68798
13586.7,-107931,-131142,58430,68703
13588.7,-107870,-131138,58415,68669
13590.7,-107801,-131088,58427,68670
13592.7,-107898,-131080,58412,68649
13594.7,-108070,-131225,58424,68657
13596.7,-108106,-131349,58492,68729
13598.7,-107974,-131230,58537,68782
13600.7,-107904,-131101,58535,68773
13602.7,-108054,-131269,58533,68754
13604.7,-108235,-131502,58526,68732
13606.7,-108213,-131486,58499,68689
13608.7,-108064,-131390,58489,68658
13610.7,-107978,-131381,58490,68648
13612.7,-107991,-131299,58477,68631
13614.7,-108083,-131201,58491,68635
13616.7,-108213,-131332,58540,68673
13618.7,-108248,-131502,58535,68667
13620.7,-108131,-131372,58454,68594
13622.7,-108029,-131152,58400,68556
13624.7,-108092,-131217,58431,68597
13626.7,-108229,-131442,58473,68633
13628.7,-108268,-131503,58448,68593
13630.7,-108152,-131408,58385,68526
13632.7,-107969,-131362,58372,68517
13634.7,-107912,-131415,58406,68552
13636.7,-108070,-131444,58403,68556
13638.7,-108238,-131354,58367,68544
13640.7,-108184,-131232,58371,68578
13642.7,-108025,-131222,58390,68618
13644.7,-108040,-131325,58376,68616
13646.7,-108222,-131436,58377,68620
13648.7,-108337,-131455,58380,68611
13650.7,-108284,-131329,58294,68514
13652.7,-108169,-131192,58207,68433
13654.7,-108157,-131286,58258,68496
13656.67,-108292,-131516,58334,68575
13658.65,-108393,-131530,58312,68565
13660.63,-108268,-131350,58304,68589
13662.6,-108063,-131297,58336,68644
13664.6,-108098,-131387,58271,68573
13666.6,-108366,-131487,58190,68485
13668.6,-108551,-131684,58259,68556
13670.6,-108489,-131916,58333,68622
13672.6,-108317,-131849,58247,68519
13674.6,-108233,-131508,58151,68428
13676.6,-108312,-131351,58168,68464
13678.6,-108448,-131515,58187,68495
13680.6,-108464,-131679,58174,68495
13682.6,-108325,-131635,58197,68539
13684.6,-108171,-131495,58218,68565
13686.6,-108134,-131407,58196,68532
13688.6,-108219,-131391,58180,68510
13690.6,-108298,-131416,58175,68499
13692.6,-108221,-131462,58161,68467
13694.6,-108058,-131517,58165,68465
13696.6,-108078,-131563,58156,68476
13698.6,-108296,-131593,58091,68427
13700.6,-108394,-131621,58058,68392
13702.6,-108241,-131662,58121,68458
13704.6,-108096,-131703,58179,68534
13706.6,-108171,-131725,58155,68526
13708.6,-108392,-131763,58115,68483
13710.6,-108591,-131868,58130,68466
13712.6,-108610,-131949,58177,68478
13714.6,-108401,-131833,58192,68496
13716.6,-108189,-131593,58156,68494
13718.6,-108235,-131497,58127,68481
13720.6,-108431,-131572,58153,68500
13722.6,-108471,-131636,58177,68537
13724.6,-108319,-131679,58162,68545
13726.6,-108196,-131763,58160,68531
13728.6,-108257,-131811,58178,68505
13730.6,-108443,-131820,58154,68461
13732.6,-108543,-131866,58114,68438
13734.6,-108415,-131837,58110,68465
13736.58,-108230,-131645,58105,68492
13738.55,-108265,-131522,58066,68489
13740.53,-108451,-131636,58052,68502
13742.5,-108483,-131771,58094,68542
13744.5,-108329,-131734,58142,68561
13746.5,-108230,-131657,58139,68534
13748.5,-108299,-131721,58083,68477
13750.5,-108456,-131888,58033,68426
13752.5,-108584,-131974,58057,68429
13754.5,-108578,-131902,58123,68471
13756.5,-108431,-131800,58154,68507
13758.5,-108318,-131771,58179,68553
13760.5,-108374,-131684,58243,68624
13762.5,-108515,-131491,58287,68657
13764.5,-108603,-131420,58304,68659
13766.5,-108588,-131540,58383,68733
13768.5,-108470,-131565,58498,68858
13770.5,-108360,-131419,58525,68892
13772.5,-108414,-131395,58497,68841
13774.5,-108556,-131539,58539,68838
13776.5,-108535,-131534,58607,68885
13778.5,-108362,-131304,58582,68880
13780.5,-108301,-131118,58521,68849
13782.5,-108408,-131085,58560,68898
13784.5,-108447,-131031,58684,69028
13786.5,-108281,-130869,58788,69154
13788.5,-108080,-130727,58858,69250
13790.5,-108097,-130725,58936,69340
13792.5,-108336,-130780,58987,69386
13794.5,-108522,-130682,58959,69338
13796.5,-108455,-130380,58905,69268
13798.5,-108258,-130135,58906,69286
13800.5,-108142,-130194,58934,69366
13802.5,-108134,-130401,58928,69399
13804.5,-108179,-130456,58895,69356
13806.5,-108250,-130402,58858,69291
13808.5,-108258,-130450,58828,69257
13810.5,-108160,-130542,58821,69262
13812.5,-108107,-130530,58819,69265
13814.5,-108207,-130547,58784,69231
13816.47,-108319,-130714,58743,69197
13818.45,-108320,-130845,58731,69202
13820.42,-108313,-130819,58718,69208
13822.4,-108406,-130855,58685,69189
13824.4,-108554,-131086,58655,69162
13826.4,-108658,-131352,58596,69091
13828.4,-108611,-131547,58479,68955
13830.4,-108423,-131752,58366,68826
13832.4,-108366,-131968,58302,68741
13834.4,-108603,-132062,58246,68656
13836.4,-108783,-131958,58176,68574
13838.4,-108591,-131779,58109,68531
13840.4,-108364,-131785,58045,68504
13842.4,-108455,-132047,58010,68496
13844.4,-108595,-132296,58026,68539
13846.4,-108563,-132360,58044,68580
13848.4,-108622,-132408,58031,68563
13850.4,-108790,-132489,58017,68533
13852.4,-108712,-132377,57977,68492
13854.4,-108490,-132121,57889,68404
13856.4,-108547,-132092,57866,68366
13858.4,-108769,-132338,57968,68470
13860.4,-108775,-132488,58048,68576
13862.4,-108648,-132376,58011,68553
13864.4,-108629,-132254,57971,68499
13866.4,-108637,-132314,57983,68488
13868.4,-108591,-132417,57951,68427
13870.4,-108623,-132421,57858,68298
13872.4,-108742,-132433,57819,68233
13874.4,-108772,-132529,57877,68286
13876.4,-108682,-132546,57952,68383
13878.4,-108630,-132392,57984,68452
13880.4,-108698,-132252,58023,68479
13882.4,-108775,-132266,58143,68493
13884.4,-108769,-132343,58305,68517
13886.4,-108775,-132378,58439,68531
13888.4,-108899,-132368,58614,68553
13890.4,-109036,-132322,58916,68657
13892.4,-108978,-132260,59244,68881
13894.4,-108677,-132219,59514,69213
13896.38,-108269,-132158,59842,69680
13898.35,-107928,-131976,60262,70297
13900.33,-107698,-131621,60601,71018
13902.3,-107393,-131136,60794,71795
13904.3,-106819,-130590,60899,72535
13906.3,-106151,-129992,60804,73089
13908.3,-105769,-129343,60418,73489
13910.3,-105743,-128739,59893,73880
13912.3,-105867,-128330,59270,74067
13914.3,-106091,-128264,58322,73578
13916.3,-106520,-128714,57044,72296
13918.3,-107134,-129687,55780,70612
13920.3,-107848,-130816,54738,68947
13922.3,-108610,-131673,53840,67524
13924.3,-109245,-132200,53126,66507
13926.3,-109543,-132513,52851,66029
13928.3,-109563,-132615,53103,66036
13930.3,-109524,-132571,53603,66247
13932.3,-109440,-132571,54016,66381
13934.3,-109223,-132651,54349,66451
13936.3,-108962,-132727,54835,66675
13938.3,-108790,-132819,55510,67087
13940.3,-108694,-132919,56157,67487
13942.3,-108640,-132880,56625,67753
13944.3,-108656,-132718,56965,67942
13946.3,-108691,-132643,57242,68097
13948.3,-108666,-132659,57425,68179
13950.3,-108641,-132599,57503,68186
13952.3,-108720,-132570,57581,68222
13954.3,-108847,-132748,57738,68351
13956.3,-108870,-132851,57858,68472
13958.3,-108745,-132597,57842,68492
13960.3,-108602,-132357,57826,68515
13962.3,-108603,-132534,57944,68642
13964.3,-108732,-132796,58077,68752
13966.3,-108803,-132718,58089,68716
13968.3,-108714,-132528,58030,68590
13970.3,-108576,-132568,57964,68461
13972.3,-108536,-132724,57916,68383
13974.3,-108609,-132795,57959,68427
13976.28,-108693,-132763,58066,68563
13978.25,-108679,-132624,58102,68657
13980.22,-108600,-132422,58083,68701
13982.2,-108622,-132310,58109,68764
13984.2,-108774,-132320,58115,68778
13986.2,-108859,-132374,58053,68709
13988.2,-108758,-132470,58036,68662
13990.2,-108609,-132568,58073,68643
13992.2,-108570,-132573,58052,68571
13994.2,-108626,-132579,58034,68542
13996.2,-108657,-132720,58125,68654
13998.2,-108579,-132827,58213,68772
14000.2,-108441,-132714,58214,68793
14002.2,-108405,-132556,58232,68812
14004.2,-108532,-132562,58281,68841
14006.2,-108681,-132630,58265,68813
14008.2,-108719,-132628,58236,68807
14010.2,-108665,-132593,58284,68890
14012.2,-108588,-132538,58330,68933
14014.2,-108553,-132465,58309,68892
14016.2,-108603,-132466,58309,68912
14018.2,-108655,-132491,58342,68992
14020.2,-108569,-132373,58317,68979
14022.2,-108409,-132246,58268,68905
14024.2,-108398,-132360,58312,68921
14026.2,-108571,-132533,58401,68991
14028.2,-108725,-132455,58411,68986
14030.2,-108679,-132288,58376,68950
14032.2,-108475,-132281,58389,68972
14034.2,-108345,-132262,58403,68993
14036.2,-108459,-132112,58372,68965
14038.2,-108660,-132098,58386,68983
14040.2,-108633,-132294,58489,69094
14042.2,-108398,-132378,58556,69175
14044.2,-108298,-132271,58520,69159
14046.2,-108453,-132262,58498,69144
14048.2,-108607,-132419,58557,69200
14050.2,-108569,-132488,58618,69264
14052.2,-108444,-132383,58628,69286
14054.2,-108398,-132270,58616,69287
14056.17,-108466,-132233,58590,69283
14058.15,-108561,-132234,58561,69288
14060.13,-108554,-132290,58570,69321
14062.1,-108426,-132366,58592,69343
14064.1,-108320,-132273,58563,69297
14066.1,-108342,-132002,58506,69233
14068.1,-108420,-131893,58512,69237
14070.1,-108449,-132105,58590,69309
14072.1,-108416,-132311,58668,69385
14074.1,-108354,-132267,58687,69434
14076.1,-108315,-132183,58674,69457
14078.1,-108348,-132225,58706,69490
14080.1,-108406,-132217,58774,69539
14082.1,-108373,-132067,58784,69545
14084.1,-108245,-131981,58749,69518
14086.1,-108150,-132091,58787,69566
14088.1,-108188,-132234,58869,69675
14090.1,-108301,-132176,58859,69699
14092.1,-108309,-131933,58803,69640
14094.1,-108117,-131781,58843,69644
14096.1,-107906,-131881,58937,69724
14098.1,-107912,-132002,58973,69795
14100.1,-108040,-131886,58975,69855
14102.1,-107998,-131677,58995,69925
14104.1,-107785,-131656,59018,69981
14106.1,-107675,-131788,59042,70021
14108.1,-107792,-131901,59053,70030
14110.1,-107993,-131973,59016,69979
14112.1,-108081,-131990,58982,69935
14114.1,-107973,-131872,59005,69965
14116.1,-107769,-131689,59019,70002
14118.1,-107695,-131611,58989,70008
14120.1,-107820,-131639,58991,70049
14122.1,-107937,-131646,59024,70104
14124.1,-107865,-131555,59009,70097
14126.1,-107703,-131340,58959,70070
14128.1,-107656,-131110,58923,70063
14130.1,-107749,-131138,58900,70040
14132.1,-107839,-131492,58935,70060
14134.1,-107818,-131818,59053,70193
14136.1,-107708,-131807,59127,70294
14138.1,-107612,-131580,59065,70233
14140.1,-107610,-131419,58975,70143
14142.1,-107697,-131431,58985,70173
14144.0,-107782,-131561,59058,70263
14146.0,-107751,-131643,59092,70310
14148.0,-107623,-131544,59050,70306
14150.0,-107572,-131390,58983,70281
14152.0,-107692,-131399,58979,70266
14154.0,-107815,-131501,59031,70279
14156.0,-107755,-131501,59052,70300
14158.0,-107625,-131484,59037,70312
14160.0,-107656,-131590,59051,70317
14162.0,-107824,-131658,59078,70298
14164.0,-107924,-131554,59073,70259
14166.0,-107899,-131465,59078,70249
14168.0,-107843,-131517,59135,70289
14170.0,-107843,-131578,59198,70337
14172.0,-107951,-131613,59217,70346
14174.0,-108130,-131711,59206,70311
14176.0,-108197,-131754,59198,70258
14178.0,-108057,-131613,59201,70224
14180.0,-107935,-131493,59207,70208
14182.0,-108065,-131609,59204,70181
14184.0,-108306,-131785,59199,70149
14186.0,-108368,-131783,59207,70132
14188.0,-108278,-131676,59206,70112
14190.0,-108286,-131635,59174,70078
14192.0,-108450,-131682,59154,70071
14194.0,-108582,-131796,59203,70117
14196.0,-108556,-131970,59283,70171
14198.0,-108453,-132104,59304,70174
14200.0,-108412,-132094,59271,70139
14202.0,-108477,-132008,59267,70114
14204.0,-108588,-131973,59298,70102
14206.0,-108643,-131954,59280,70044
14208.0,-108578,-131869,59210,69937
14210.0,-108464,-131820,59178,69877
14212.0,-108469,-131930,59204,69912
14214.0,-108643,-132083,59235,69979
14216.0,-108811,-132120,59280,70041
14218.0,-108801,-132116,59351,70109
14220.0,-108671,-132149,59360,70129
14222.0,-108589,-132090,59272,70049
14223.9,-108616,-131929,59209,69963
14225.9,-108682,-131949,59270,69998
14227.9,-108666,-132248,59385,70127
14229.9,-108519,-132465,59438,70212
14231.9,-108375,-132314,59403,70184
14233.9,-108416,-132015,59334,70107
14235.9,-108573,-131918,59288,70071
14237.9,-108617,-132013,59271,70067
14239.9,-108535,-132102,59262,70043
14241.9,-108523,-132146,59264,70032
14243.9,-108642,-132198,59275,70061
14245.9,-108771,-132198,59260,70061
14247.9,-108789,-132086,59227,70010
14249.9,-108676,-131948,59221,69989
14251.9,-108547,-131913,59216,70004
14253.9,-108575,-131995,59182,69999
14255.9,-108736,-132090,59171,70004
14257.9,-108790,-132089,59208,70063
14259.9,-108640,-132013,59235,70113
14261.9,-108472,-132009,59242,70121
14263.9,-108474,-132134,59263,70118
14265.9,-108635,-132237,59255,70094
14267.9,-108804,-132179,59204,70045
14269.9,-108816,-132065,59178,70028
14271.9,-108673,-132060,59184,70030
14273.9,-108569,-132131,59174,70005
14275.9,-108627,-132168,59182,70012
14277.9,-108746,-132206,59232,70085
14279.9,-108798,-132301,59237,70106
14281.9,-108766,-132357,59170,70024
14283.9,-108679,-132315,59122,69958
14285.9,-108619,-132291,59125,69963
14287.9,-108695,-132355,59136,69978
14289.9,-108844,-132398,59149,69999
14291.9,-108867,-132365,59171,70065
14293.9,-108730,-132334,59178,70132
14295.9,-108619,-132322,59168,70153
14297.9,-108675,-132292,59165,70148
14299.9,-108822,-132276,59159,70136
14301.9,-108867,-132277,59130,70092
14303.8,-108757,-132257,59084,70012
14305.8,-108680,-132286,59071,69966
14307.8,-108799,-132410,59141,70009
14309.8,-108958,-132465,59248,70088
14311.8,-108930,-132316,59291,70120
14313.8,-108796,-132078,59294,70143
14315.8,-108766,-131909,59356,70227
14317.8,-108850,-131854,59422,70294
14319.8,-108929,-131885,59388,70261
14321.8,-108935,-131911,59336,70219
14323.8,-108850,-131889,59385,70262
14325.8,-108741,-131932,59467,70321
14327.8,-108750,-132049,59488,70337
14329.8,-108864,-132015,59495,70357
14331.8,-108892,-131807,59537,70402
14333.8,-108766,-131678,59580,70435
14335.8,-108620,-131622,59607,70465
14337.8,-108579,-131427,59638,70515
14339.8,-108660,-131244,59683,70575
14341.8,-108788,-131341,59738,70640
14343.8,-108787,-131491,59794,70710
14345.8,-108600,-131353,59834,70777
14347.8,-108480,-131099,59863,70841
14349.8,-108604,-131020,59887,70897
14351.8,-108713,-131014,59882,70911
14353.8,-108577,-130973,59841,70887
14355.8,-108428,-131059,59814,70873
14357.8,-108465,-131248,59824,70858
14359.8,-108483,-131273,59823,70787
14361.8,-108409,-131189,59781,70697
14363.8,-108497,-131298,59743,70673
14365.8,-108699,-131538,59727,70678
14367.8,-108679,-131601,59683,70620
14369.8,-108532,-131519,59619,70550
14371.8,-108646,-131535,59617,70583
14373.8,-108952,-131663,59637,70643
14375.8,-109079,-131783,59543,70562
14377.8,-108996,-131887,59350,70384
14379.8,-108934,-132026,59219,70295
14381.8,-108949,-132210,59184,70289
14383.7,-108954,-132416,59145,70228
14385.7,-108948,-132585,59078,70107
14387.7,-108983,-132681,59012,70010
14389.7,-109014,-132743,58943,69951
14391.7,-108953,-132784,58894,69928
14393.7,-108868,-132743,58883,69936
14395.7,-108903,-132621,58832,69884
14397.7,-108978,-132565,58728,69767
14399.7,-108910,-132722,58727,69762
14401.7,-108808,-132992,58852,69903
14403.7,-108914,-133090,58898,69954
14405.7,-109150,-132971,58821,69852
14407.7,-109258,-132936,58801,69820
14409.7,-109190,-133087,58855,69912
14411.7,-109067,-133121,58824,69930
14413.7,-109004,-132977,58741,69850
14415.7,-109087,-133016,58758,69840
14417.7,-109252,-133297,58828,69895
14419.7,-109277,-133414,58808,69866
14421.7,-109114,-133245,58709,69748
14423.7,-108993,-133121,58651,69672
14425.7,-109060,-133191,58678,69697
14427.7,-109189,-133230,58737,69770
14429.7,-109210,-133079,58771,69826
14431.7,-109123,-132854,58812,69871
14433.7,-109072,-132798,58921,69926
14435.7,-109184,-133006,59059,69948
14437.7,-109374,-133237,59174,69922
14439.7,-109416,-133186,59343,69929
14441.7,-109281,-132993,59638,70033
14443.7,-109156,-133015,59971,70201
14445.7,-109072,-133139,60255,70442
14447.7,-108878,-133022,60530,70818
14449.7,-108530,-132762,60822,71334
14451.7,-108094,-132580,61102,72005
14453.7,-107556,-132240,61375,72865
14455.67,-106973,-131530,61608,73785
14457.65,-106557,-130721,61649,74532
14459.63,-106370,-129977,61383,75079
14461.6,-106247,-129127,60870,75544
14463.6,-106153,-128362,60217,75837
14465.6,-106300,-128242,59420,75657
14467.6,-106821,-128895,58411,74777
14469.6,-107584,-129952,57225,73232
14471.6,-108332,-131084,56036,71358
14473.6,-108871,-132032,55002,69642
14475.6,-109212,-132541,54202,68403
14477.6,-109527,-132690,53767,67700
14479.6,-109844,-132834,53857,67499
14481.6,-109934,-133055,54366,67675
14483.6,-109669,-133128,54920,67930
14485.6,-109297,-133036,55322,68058
14487.6,-109135,-133060,55748,68193
14489.6,-109171,-133311,56362,68522
14491.6,-109160,-133522,57013,68932
14493.6,-109010,-133469,57481,69202
14495.6,-108879,-133337,57793,69358
14497.6,-108918,-133371,58097,69551
14499.6,-109063,-133439,58360,69728
14501.6,-109122,-133340,58471,69756
14503.6,-109030,-133243,58511,69727
14505.6,-108912,-133340,58605,69786
14507.6,-108922,-133407,58671,69842
14509.6,-109066,-133246,58636,69804
14511.6,-109210,-133118,58653,69816
14513.6,-109242,-133259,58796,69949
14515.6,-109157,-133418,58895,70036
14517.6,-109023,-133338,58866,70003
14519.6,-108944,-133212,58841,69977
14521.6,-109010,-133270,58869,69991
14523.6,-109150,-133380,58866,69964
14525.6,-109134,-133367,58857,69939
14527.6,-108935,-133312,58911,70000
14529.6,-108851,-133302,58965,70081
14531.6,-109048,-133258,58939,70079
14533.6,-109253,-133154,58899,70038
14535.58,-109189,-133100,58931,70052
14537.55,-108986,-133161,59006,70107
14539.53,-108911,-133274,59046,70133
14541.5,-108984,-133336,59034,70127
14543.5,-109059,-133278,59003,70130
14545.5,-109022,-133140,58993,70154
14547.5,-108874,-133087,59036,70202
14549.5,-108772,-133233,59125,70293
14551.5,-108869,-133457,59188,70380
14553.5,-109030,-133475,59179,70381
14555.5,-108973,-133196,59150,70317
14557.5,-108711,-132911,59163,70296
14559.5,-108549,-132949,59203,70336
14561.5,-108632,-133185,59230,70361
14563.5,-108811,-133230,59223,70323
14565.5,-108888,-133055,59178,70246
14567.5,-108798,-132959,59142,70208
14569.5,-108667,-133006,59178,70268
14571.5,-108690,-133043,59251,70374
14573.5,-108838,-133075,59283,70422
14575.5,-108875,-133152,59282,70419
14577.5,-108764,-133149,59297,70446
14579.5,-108722,-133033,59318,70486
14581.5,-108801,-132981,59324,70467
14583.5,-108858,-133072,59346,70431
14585.5,-108880,-133182,59394,70459
14587.5,-108894,-133203,59428,70528
14589.5,-108795,-133122,59424,70557
14591.5,-108633,-133011,59407,70555
14593.5,-108662,-133003,59414,70573
14595.5,-108831,-133083,59439,70605
14597.5,-108806,-133045,59444,70606
14599.5,-108602,-132884,59421,70583
14601.5,-108560,-132884,59418,70579
14603.5,-108741,-133096,59459,70608
14605.5,-108896,-133196,59494,70648
14607.5,-108881,-133028,59490,70677
14609.5,-108719,-132807,59482,70697
14611.5,-108524,-132691,59505,70731
14613.5,-108502,-132640,59541,70802
14615.47,-108710,-132670,59573,70870
14617.45,-108878,-132810,59592,70879
14619.42,-108774,-132926,59590,70853
14621.4,-108567,-132922,59576,70854
14623.4,-108547,-132903,59577,70870
14625.4,-108695,-132928,59608,70865
14627.4,-108761,-132893,59659,70880
14629.4,-108621,-132779,59705,70944
14631.4,-108432,-132689,59721,70998
14633.4,-108417,-132610,59711,71005
14635.4,-108560,-132509,59714,71020
14637.4,-108640,-132527,59744,71065
14639.4,-108545,-132710,59767,71080
14641.4,-108370,-132796,59762,71048
14643.4,-108264,-132666,59764,71035
14645.4,-108326,-132611,59794,71080
14647.4,-108519,-132747,59817,71138
14649.4,-108605,-132742,59800,71159
14651.4,-108422,-132488,59768,71156
14653.4,-108180,-132356,59773,71179
14655.4,-108156,-132490,59826,71243
14657.4,-108259,-132544,59883,71308
14659.4,-108220,-132327,59896,71333
14661.4,-108030,-132046,59872,71338
14663.4,-107879,-131891,59865,71359
14665.4,-107873,-131919,59906,71393
14667.4,-107983,-132176,59973,71432
14669.4,-108098,-132494,60026,71485
14671.4,-108097,-132540,60048,71535
14673.4,-107971,-132335,60037,71537
14675.4,-107861,-132259,60003,71497
14677.4,-107890,-132398,59953,71459
14679.4,-107995,-132467,59896,71427
14681.4,-108010,-132379,59847,71379
14683.4,-107910,-132323,59823,71343
14685.4,-107856,-132321,59828,71359
14687.4,-107954,-132244,59850,71407
14689.4,-108082,-132133,59847,71416
14691.4,-108062,-132116,59789,71369
14693.4,-107915,-132162,59735,71345
14695.38,-107817,-132176,59761,71398
14697.35,-107886,-132137,59806,71440
14699.33,-108064,-132051,59773,71393
14701.3,-108157,-131945,59718,71352
14703.3,-108034,-131901,59741,71407
14705.3,-107842,-131987,59804,71481
14707.3,-107861,-132190,59845,71501
14709.3,-108074,-132406,59894,71519
14711.3,-108176,-132481,59941,71541
14713.3,-108064,-132398,59941,71519
14715.3,-107988,-132353,59943,71497
14717.3,-108102,-132446,59989,71516
14719.3,-108256,-132519,60010,71506
14721.3,-108298,-132479,59995,71460
14723.3,-108260,-132449,60030,71474
14725.3,-108227,-132453,60093,71523
14727.3,-108254,-132390,60077,71493
14729.3,-108371,-132319,60010,71403
14731.3,-108504,-132366,59994,71351
14733.3,-108534,-132441,60022,71335
14735.3,-108477,-132411,60033,71317
14737.3,-108479,-132363,60042,71322
14739.3,-108604,-132420,60069,71345
14741.3,-108753,-132516,60068,71328
14743.3,-108792,-132531,60019,71263
14745.3,-108692,-132476,59986,71215
14747.3,-108577,-132423,60008,71215
14749.3,-108629,-132403,60032,71225
14751.3,-108851,-132449,60034,71226
14753.3,-109006,-132560,60048,71238
14755.3,-108913,-132605,60064,71243
14757.3,-108720,-132487,60037,71214
14759.3,-108693,-132361,60019,71204
14761.3,-108841,-132408,60063,71249
14763.3,-108939,-132500,60087,71263
14765.3,-108874,-132436,60026,71199
14767.3,-108769,-132339,59969,71153
14769.3,-108770,-132420,59983,71178
14771.3,-108857,-132578,60003,71196
14773.3,-108892,-132570,59987,71166
14775.28,-108787,-132404,59974,71143
14777.25,-108617,-132295,60005,71173
14779.22,-108570,-132348,60086,71251
14781.2,-108725,-132466,60174,71326
14783.2,-108906,-132544,60192,71329
14785.2,-108900,-132600,60148,71279
14787.2,-108756,-132623,60121,71257
14789.2,-108669,-132521,60107,71249
14791.2,-108669,-132365,60074,71218
14793.2,-108681,-132370,60073,71222
14795.2,-108719,-132504,60120,71279
14797.2,-108785,-132517,60134,71289
14799.2,-108780,-132397,60093,71234
14801.2,-108720,-132335,60049,71193
14803.2,-108750,-132335,59999,71162
14805.2,-108841,-132322,59964,71123
14807.2,-108800,-132391,60015,71148
14809.2,-108638,-132558,60112,71230
14811.2,-108576,-132630,60120,71238
14813.2,-108673,-132561,60033,71145
14815.2,-108753,-132531,59950,71054
14817.2,-108705,-132578,59908,71013
14819.2,-108619,-132591,59903,71011
14821.2,-108624,-132584,59929,71047
14823.2,-108743,-132615,59939,71088
14825.2,-108888,-132618,59912,71093
14827.2,-108946,-132608,59903,71089
14829.2,-108895,-132730,59935,71109
14831.2,-108836,-132914,59955,71117
14833.2,-108879,-132910,59937,71075
14835.2,-108989,-132734,59904,71005
14837.2,-109012,-132615,59856,70939
14839.2,-108887,-132603,59800,70899
14841.2,-108751,-132681,59796,70923
14843.2,-108767,-132911,59880,71030
14845.2,-108920,-133136,59989,71160
14847.2,-109049,-133055,60022,71208
14849.2,-109018,-132773,59971,71153
14851.2,-108849,-132669,59921,71088
14853.2,-108741,-132774,59930,71075
14855.17,-108842,-132856,59958,71079
14857.15,-108963,-132843,59966,71075
14859.13,-108865,-132749,59995,71113
14861.1,-108734,-132543,60076,71209
14863.1,-108831,-132305,60159,71288
14865.1,-108948,-132186,60212,71330
14867.1,-108867,-132197,60272,71382
14869.1,-108835,-132246,60327,71425
14871.1,-108967,-132245,60315,71396
14873.1,-108950,-132187,60271,71346
14875.1,-108782,-132211,60307,71379
14877.1,-108819,-132365,60414,71463
14879.1,-108961,-132409,60469,71495
14881.1,-108835,-132206,60440,71480
14883.1,-108581,-131976,60418,71501
14885.1,-108537,-131864,60443,71557
14887.1,-108625,-131739,60477,71602
14889.1,-108687,-131589,60518,71653
14891.1,-108793,-131541,60583,71729
14893.1,-108889,-131517,60626,71774
14895.1,-108804,-131415,60616,71760
14897.1,-108648,-131342,60594,71747
14899.1,-108633,-131351,60583,71765
14901.1,-108673,-131356,60552,71765
14903.1,-108601,-131370,60517,71744
14905.1,-108510,-131418,60506,71728
14907.1,-108534,-131395,60477,71695
14909.1,-108613,-131320,60426,71648
14911.1,-108648,-131380,60420,71652
14913.1,-108649,-131563,60452,71684
14915.1,-108615,-131691,60442,71661
14917.1,-108555,-131739,60414,71617
14919.1,-108598,-131768,60430,71627
14921.1,-108831,-131788,60446,71641
14923.1,-109088,-131870,60409,71602
14925.1,-109134,-132060,60343,71543
14927.1,-108984,-132227,60237,71450
14929.1,-108881,-132326,60069,71275
14931.1,-108980,-132527,59915,71078
14933.1,-109142,-132787,59818,70937
14935.08,-109120,-132813,59705,70815
14937.05,-108901,-132668,59570,70698
14939.03,-108754,-132761,59526,70675
14941.0,-108866,-133103,59576,70738
14943.0,-109110,-133284,59598,70774
14945.0,-109229,-133165,59553,70744
14947.0,-109156,-132984,59489,70689
14949.0,-109057,-132929,59436,70631
14951.0,-109079,-133022,59410,70598
14953.0,-109162,-133160,59413,70600
14955.0,-109183,-133172,59399,70578
14957.0,-109152,-133097,59366,70543
14959.0,-109136,-133203,59401,70613
14961.0,-109131,-133457,59493,70764
14963.0,-109140,-133495,59504,70793
14965.0,-109186,-133271,59421,70675
14967.0,-109172,-133108,59391,70617
14969.0,-109031,-133114,59450,70676
14971.0,-108930,-133170,59466,70688
14973.0,-109036,-133288,59405,70600
14975.0,-109203,-133460,59372,70544
14977.0,-109211,-133477,59404,70574
14979.0,-109098,-133271,59438,70625
14981.0,-109046,-133092,59480,70680
14983.0,-109141,-133149,59579,70747
14985.0,-109335,-133375,59710,70773
14987.0,-109474,-133537,59832,70746
14989.0,-109418,-133466,59972,70734
14991.0,-109262,-133262,60172,70783
14993.0,-109212,-133218,60459,70925
14995.0,-109227,-133372,60817,71212
14997.0,-109069,-133418,61130,71599
14999.0,-108662,-133165,61312,72016
15001.0,-108129,-132710,61476,72584
15003.0,-107588,-132162,61730,73435
15005.0,-107115,-131582,61910,74368
15007.0,-106729,-131026,61822,75103
15009.0,-106379,-130366,61526,75673
15011.0,-106104,-129454,61101,76179
15013.0,-106080,-128546,60486,76501
15014.97,-106362,-128146,59699,76480
15016.95,-106817,-128452,58837,75985
15018.92,-107348,-129295,57842,74791
15020.9,-107916,-130403,56676,72942
15022.9,-108462,-131478,55575,71037
15024.9,-109013,-132253,54772,69641
15026.9,-109573,-132683,54279,68761
15028.9,-109873,-132920,54138,68256
15030.9,-109698,-133094,54455,68181
15032.9,-109350,-133240,55095,68442
15034.9,-109235,-133371,55764,68725
15036.9,-109289,-133489,56378,68941
15038.9,-109253,-133547,57004,69238
15040.9,-109121,-133514,57587,69608
15042.9,-108992,-133464,58042,69905
15044.9,-108924,-133510,58411,70112
15046.9,-109024,-133642,58739,70293
15048.9,-109242,-133732,58973,70431
15050.9,-109299,-133698,59087,70485
15052.9,-109142,-133596,59137,70487
15054.9,-109066,-133558,59168,70482
15056.9,-109184,-133608,59185,70477
15058.9,-109266,-133589,59204,70473
15060.9,-109184,-133417,59237,70484
15062.9,-109054,-133272,59265,70506
15064.9,-109005,-133319,59266,70505
15066.9,-109106,-133408,59250,70473
15068.9,-109308,-133396,59247,70448
15070.9,-109385,-133421,59260,70451
15072.9,-109209,-133541,59269,70447
15074.9,-108992,-133541,59259,70412
15076.9,-108991,-133409,59260,70398
15078.9,-109139,-133403,59312,70458
15080.9,-109198,-133450,59372,70541
15082.9,-109070,-133230,59362,70549
15084.9,-108878,-132920,59311,70504
15086.9,-108838,-132992,59327,70516
15088.9,-108993,-133335,59420,70592
15090.9,-109122,-133436,59481,70629
15092.9,-109050,-133249,59455,70581
15094.88,-108900,-133098,59394,70508
15096.85,-108852,-133065,59372,70486
15098.83,-108882,-133064,59420,70539
15100.8,-108911,-133105,59510,70637
15102.8,-108927,-133170,59580,70717
15104.8,-108902,-133173,59599,70751
15106.8,-108846,-133142,59583,70739
15108.8,-108889,-133144,59550,70685
15110.8,-109051,-133171,59522,70632
15112.8,-109126,-133221,59523,70630
15114.8,-109003,-133300,59530,70641
15116.8,-108873,-133359,59512,70617
15118.8,-108930,-133367,59518,70625
15120.8,-109093,-133357,59573,70708
15122.8,-109141,-133332,59602,70750
15124.8,-108995,-133272,59577,70703
15126.8,-108812,-133227,59581,70689
15128.8,-108802,-133255,59620,70735
15130.8,-108964,-133340,59614,70731
15132.8,-109097,-133421,59600,70695
15134.8,-109065,-133397,59648,70714
15136.8,-108935,-133200,59673,70732
15138.8,-108866,-132997,59622,70697
15140.8,-108943,-133051,59612,70713
15142.8,-109058,-133244,59679,70794
15144.8,-109005,-133195,59694,70803
15146.8,-108815,-132967,59657,70762
15148.8,-108775,-132985,59695,70811
15150.8,-108963,-133205,59759,70888
15152.8,-109091,-133197,59721,70855
15154.8,-108978,-132967,59644,70785
15156.8,-108802,-132873,59646,70796
15158.8,-108761,-132935,59676,70841
15160.8,-108848,-132969,59686,70873
15162.8,-108967,-133012,59738,70948
15164.8,-109006,-133082,59822,71040
15166.8,-108915,-133022,59829,71044
15168.8,-108811,-132869,59751,70965
15170.8,-108838,-132866,59701,70912
15172.8,-108952,-133029,59728,70919
15174.78,-109006,-133132,59770,70940
15176.75,-108940,-133049,59774,70944
15178.72,-108799,-132877,59753,70944
15180.7,-108729,-132815,59745,70963
15182.7,-108846,-132932,59775,71013
15184.7,-108988,-133032,59835,71084
15186.7,-108890,-132931,59871,71127
15188.7,-108650,-132774,59842,71103
15190.7,-108603,-132787,59810,71063
15192.7,-108765,-132893,59857,71096
15194.7,-108847,-132868,59930,71160
15196.7,-108714,-132663,59926,71159
15198.7,-108479,-132415,59888,71140
15200.7,-108323,-132297,59918,71207
15202.7,-108374,-132358,59992,71307
15204.7,-108546,-132461,60039,71349
15206.7,-108549,-132461,60065,71371
15208.7,-108290,-132361,60078,71402
15210.7,-108064,-132231,60057,71391
15212.7,-108137,-132139,60032,71354
15214.7,-108374,-132125,60019,71344
15216.7,-108459,-132119,59971,71318
15218.7,-108299,-132065,59913,71271
15220.7,-108103,-132116,59943,71308
15222.7,-108110,-132340,60033,71437
15224.7,-108290,-132464,60064,71524
15226.7,-108399,-132334,60033,71524
15228.7,-108333,-132190,60003,71500
15230.7,-108238,-132153,59963,71460
15232.7,-108243,-132096,59906,71394
15234.7,-108316,-132119,59899,71364
15236.7,-108383,-132350,59937,71384
15238.7,-108389,-132407,59897,71347
15240.7,-108301,-132015,59742,71213
15242.7,-108206,-131726,59625,71126
15244.7,-108251,-132076,59686,71208
15246.7,-108395,-132593,59827,71346
15248.7,-108428,-132577,59854,71359
15250.7,-108290,-132219,59765,71269
15252.6,-108163,-132089,59705,71221
15254.6,-108225,-132218,59709,71237
15256.6,-108434,-132362,59723,71265
15258.6,-108570,-132515,59767,71321
15260.6,-108477,-132646,59832,71380
15262.6,-108292,-132552,59811,71344
15264.6,-108301,-132279,59705,71246
15266.6,-108525,-132161,59669,71230
15268.6,-108689,-132295,59720,71269
15270.6,-108644,-132441,59720,71226
15272.6,-108551,-132461,59652,71133
15274.6,-108598,-132455,59614,71094
15276.6,-108770,-132494,59601,71064
15278.6,-108908,-132521,59568,71002
15280.6,-108903,-132537,59564,71003
15282.6,-108832,-132599,59608,71082
15284.6,-108869,-132642,59596,71085
15286.6,-109018,-132573,59488,70966
15288.6,-109099,-132509,59402,70874
15290.6,-109038,-132618,59425,70894
15292.6,-108961,-132813,59472,70930
15294.6,-108987,-132917,59445,70897
15296.6,-109094,-132943,59367,70834
15298.6,-109191,-132918,59315,70800
15300.6,-109195,-132751,59301,70788
15302.6,-109127,-132531,59288,70771
15304.6,-109091,-132511,59284,70768
15306.6,-109126,-132651,59322,70812
15308.6,-109181,-132666,59374,70868
15310.6,-109217,-132537,59358,70848
15312.6,-109201,-132498,59270,70750
15314.6,-109113,-132593,59207,70679
15316.6,-109050,-132674,59220,70688
15318.6,-109123,-132686,59251,70722
15320.6,-109218,-132640,59246,70733
15322.6,-109150,-132494,59228,70742
15324.6,-108987,-132292,59231,70759
15326.6,-108947,-132222,59248,70766
15328.6,-109076,-132355,59262,70766
15330.6,-109230,-132510,59256,70767
15332.5,-109257,-132503,59224,70746
15334.5,-109131,-132406,59185,70697
15336.5,-109001,-132392,59161,70662
15338.5,-109041,-132463,59153,70665
15340.5,-109202,-132483,59146,70685
15342.5,-109261,-132419,59125,70676
15344.5,-109153,-132369,59101,70638
15346.5,-109052,-132381,59108,70627
15348.5,-109105,-132414,59147,70666
15350.5,-109270,-132420,59141,70675
15352.5,-109377,-132359,59050,70586
15354.5,-109290,-132227,58953,70480
15356.5,-109096,-132172,58929,70462
15358.5,-109068,-132339,58947,70500
15360.5,-109252,-132570,58951,70516
15362.5,-109350,-132588,58932,70511
15364.5,-109257,-132482,58903,70510
15366.5,-109258,-132530,58886,70506
15368.5,-109394,-132639,58883,70491
15370.5,-109352,-132536,58844,70452
15372.5,-109186,-132352,58762,70390
15374.5,-109261,-132393,58729,70363
15376.5,-109440,-132587,58768,70388
15378.5,-109334,-132702,58784,70405
15380.5,-109156,-132754,58750,70395
15382.5,-109300,-132774,58732,70397
15384.5,-109530,-132661,58705,70378
15386.5,-109485,-132477,58616,70296
15388.5,-109356,-132432,58540,70229
15390.5,-109398,-132522,58533,70226
15392.5,-109484,-132595,58503,70187
15394.5,-109505,-132640,58408,70081
15396.5,-109542,-132680,58344,70018
15398.5,-109551,-132623,58327,70023
15400.5,-109429,-132476,58280,70008
15402.5,-109327,-132448,58244,69996
15404.47,-109424,-132637,58305,70075
15406.45,-109580,-132829,58389,70174
15408.42,-109573,-132824,58377,70171
15410.4,-109475,-132770,58308,70101
15412.4,-109475,-132886,58274,70052
15414.4,-109576,-133035,58258,70021
15416.4,-109671,-132937,58226,69984
15418.4,-109698,-132661,58214,69983
15420.4,-109608,-132476,58273,70054
15422.4,-109425,-132404,58388,70168
15424.4,-109336,-132327,58487,70259
15426.4,-109457,-132284,58519,70281
15428.4,-109620,-132325,58504,70259
15430.4,-109630,-132339,58475,70230
15432.4,-109537,-132256,58425,70185
15434.4,-109503,-132163,58373,70142
15436.4,-109579,-132136,58377,70157
15438.4,-109676,-132159,58418,70214
15440.4,-109645,-132170,58433,70249
15442.4,-109457,-132067,58428,70274
15444.4,-109306,-131834,58427,70310
15446.4,-109372,-131664,58409,70304
15448.4,-109527,-131691,58392,70265
15450.4,-109515,-131695,58409,70264
15452.4,-109334,-131464,58420,70293
15454.4,-109217,-131249,58412,70311
15456.4,-109288,-131351,58448,70351
15458.4,-109434,-131513,58486,70388
15460.4,-109461,-131372,58416,70341
15462.4,-109316,-131144,58290,70250
15464.4,-109146,-131200,58243,70228
15466.4,-109134,-131382,58261,70269
15468.4,-109281,-131403,58256,70293
15470.4,-109413,-131387,58215,70277
15472.4,-109418,-131491,58156,70220
15474.4,-109356,-131556,58080,70128
15476.4,-109325,-131499,58016,70048
15478.4,-109372,-131481,57975,70004
15480.4,-109500,-131550,57939,69974
15482.4,-109631,-131615,57915,69957
15484.38,-109665,-131701,57884,69939
15486.35,-109645,-131872,57763,69843
15488.33,-109707,-132104,57543,69649
15490.3,-109834,-132416,57362,69466
15492.3,-109864,-132770,57289,69364
15494.3,-109751,-132927,57219,69269
15496.3,-109623,-132837,57092,69139
15498.3,-109623,-132857,56992,69053
15500.3,-109772,-133106,56944,69035
15502.3,-109919,-133168,56851,68987
15504.3,-109900,-132888,56718,68890
15506.3,-109805,-132701,56654,68838
15508.3,-109854,-132815,56640,68829
15510.3,-110020,-132956,56602,68796
15512.3,-110092,-133071,56584,68776
15514.3,-110037,-133322,56610,68795
15516.3,-109982,-133500,56572,68763
15518.3,-109991,-133370,56471,68684
15520.3,-110070,-133213,56424,68668
15522.3,-110161,-133243,56409,68688
15524.3,-110099,-133175,56356,68663
15526.3,-109866,-132924,56356,68668
15528.3,-109738,-132842,56444,68735
15530.3,-109872,-132983,56458,68721
15532.3,-110034,-133064,56358,68606
15534.3,-109986,-133089,56292,68543
15536.3,-109803,-133133,56279,68536
15538.3,-109695,-132970,56230,68485
15540.3,-109790,-132630,56187,68444
15542.3,-110060,-132567,56216,68474
15544.3,-110274,-132832,56256,68476
15546.3,-110227,-133009,56285,68404
15548.3,-110077,-133030,56380,68369
15550.3,-110111,-133113,56564,68428
15552.3,-110264,-133155,56813,68543
15554.3,-110246,-133007,57122,68722
15556.3,-109984,-132847,57411,68979
15558.3,-109600,-132779,57584,69300
15560.3,-109183,-132654,57738,69776
15562.3,-108780,-132374,58002,70529
15564.28,-108392,-131872,58215,71410
15566.25,-107937,-131059,58121,72124
15568.22,-107422,-130131,57784,72646
15570.2,-107049,-129427,57421,73167
15572.2,-107000,-128901,56999,73670
15574.2,-107203,-128339,56366,73927
15576.2,-107435,-127974,55565,73783
15578.2,-107646,-128255,54694,73121
15580.2,-108060,-129225,53688,71806
15582.2,-108820,-130514,52533,69997
15584.2,-109664,-131651,51434,68215
15586.2,-110196,-132283,50611,66861
15588.2,-110367,-132464,50162,65985
15590.2,-110391,-132640,50140,65548
15592.2,-110386,-133013,50510,65503
15594.2,-110337,-133279,51098,65678
15596.2,-110228,-133253,51757,65932
15598.2,-110062,-133187,52451,66272
15600.2,-109900,-133234,53108,66661
15602.2,-109858,-133245,53637,66976
15604.2,-109950,-133209,54071,67224
15606.2,-110035,-133248,54449,67456
15608.2,-110026,-133240,54686,67584
15610.2,-109986,-133070,54760,67568
15612.2,-110002,-132943,54791,67545
15614.2,-110099,-133012,54821,67559
15616.2,-110228,-133105,54806,67526
15618.2,-110274,-133115,54808,67502
15620.2,-110178,-133123,54890,67592
15622.2,-110062,-133090,54944,67680
15624.2,-110075,-132938,54907,67657
15626.2,-110158,-132819,54901,67651
15628.2,-110146,-132868,54964,67725
15630.2,-110015,-132919,54972,67727
15632.2,-109885,-132841,54909,67626
15634.2,-109894,-132825,54884,67579
15636.2,-110068,-132987,54879,67595
15638.2,-110217,-133032,54802,67550
15640.2,-110103,-132724,54693,67476
15642.2,-109819,-132387,54659,67485
15644.17,-109719,-132459,54709,67561
15646.15,-109902,-132809,54761,67618
15648.13,-110079,-132971,54759,67629
15650.1,-110035,-132839,54709,67593
15652.1,-109890,-132663,54646,67519
15654.1,-109857,-132578,54582,67446
15656.1,-109973,-132535,54524,67399
15658.1,-110069,-132519,54500,67376
15660.1,-109987,-132566,54513,67382
15662.1,-109821,-132631,54521,67423
15664.1,-109803,-132618,54513,67461
15666.1,-109957,-132569,54504,67455
15668.1,-110084,-132632,54480,67412
15670.1,-110061,-132748,54435,67377
15672.1,-109935,-132670,54402,67363
15674.1,-109828,-132441,54365,67329
15676.1,-109867,-132404,54289,67260
15678.1,-110034,-132564,54226,67215
15680.1,-110105,-132549,54229,67231
15682.1,-109966,-132293,54237,67255
15684.1,-109802,-132139,54192,67238
15686.1,-109784,-132273,54167,67222
15688.1,-109851,-132523,54214,67254
15690.1,-109919,-132621,54244,67286
15692.1,-109973,-132437,54179,67248
15694.1,-109948,-132154,54082,67167
15696.1,-109855,-132129,54058,67138
15698.1,-109852,-132367,54108,67192
15700.1,-109959,-132470,54156,67265
15702.1,-109980,-132291,54152,67285
15704.1,-109864,-132132,54103,67252
15706.1,-109804,-132172,54043,67202
15708.1,-109896,-132230,53996,67165
15710.1,-110006,-132183,53960,67151
15712.1,-109993,-132143,53934,67156
15714.1,-109861,-132133,53912,67145
15716.1,-109743,-132048,53873,67096
15718.1,-109799,-131958,53828,67056
15720.1,-110007,-132041,53832,67098
15722.1,-110097,-132194,53883,67185
15724.08,-109914,-132148,53895,67208
15726.05,-109697,-131961,53859,67177
15728.03,-109740,-131935,53860,67197
15730.0,-109947,-132071,53876,67236
15732.0,-110012,-132115,53828,67197
15734.0,-109872,-132036,53796,67163
15736.0,-109690,-131980,53867,67248
15738.0,-109585,-131905,53916,67330
15740.0,-109591,-131737,53841,67282
15742.0,-109677,-131611,53783,67241
15744.0,-109706,-131593,53826,67306
15746.0,-109594,-131513,53845,67347
15748.0,-109498,-131363,53796,67304
15750.0,-109578,-131374,53778,67289
15752.0,-109687,-131522,53781,67313
15754.0,-109625,-131525,53748,67304
15756.0,-109482,-131368,53722,67294
15758.0,-109433,-131265,53715,67300
15760.0,-109444,-131233,53667,67268
15762.0,-109422,-131184,53625,67242
15764.0,-109385,-131145,53648,67288
15766.0,-109332,-131095,53647,67325
15768.0,-109223,-130984,53588,67301
15770.0,-109166,-130966,53579,67311
15772.0,-109292,-131157,53620,67361
15774.0,-109465,-131316,53593,67333
15776.0,-109419,-131193,53522,67251
15778.0,-109191,-130927,53499,67235
15780.0,-109086,-130775,53477,67252
15782.0,-109206,-130785,53398,67210
15784.0,-109323,-130866,53343,67170
15786.0,-109257,-130874,53358,67212
15788.0,-109123,-130707,53360,67261
15790.0,-109101,-130504,53296,67222
15792.0,-109189,-130546,53242,67160
15794.0,-109274,-130809,53255,67179
15796.0,-109290,-130939,53268,67226
15798.0,-109253,-130764,53200,67188
15800.0,-109236,-130518,53097,67097
15802.0,-109292,-130478,53052,67066
15803.97,-109356,-130640,53066,67093
15805.95,-109313,-130774,53059,67087
15807.92,-109193,-130701,52992,67029
15809.9,-109148,-130510,52920,66985
15811.9,-109234,-130458,52903,66991
15813.9,-109340,-130603,52911,67003
15815.9,-109349,-130736,52869,66964
15817.9,-109277,-130737,52791,66898
15819.9,-109228,-130654,52751,66865
15821.9,-109273,-130487,52722,66833
15823.9,-109381,-130300,52646,66760
15825.9,-109475,-130331,52601,66728
15827.9,-109497,-130593,52655,66796
15829.9,-109447,-130756,52693,66845
15831.9,-109400,-130672,52624,66790
15833.9,-109469,-130544,52541,66721
15835.9,-109637,-130506,52506,66690
15837.9,-109724,-130507,52448,66624
15839.9,-109630,-130504,52359,66535
15841.9,-109514,-130464,52315,66514
15843.9,-109578,-130381,52302,66536
15845.9,-109773,-130368,52280,66541
15847.9,-109843,-130437,52280,66558
15849.9,-109674,-130412,52287,66575
15851.9,-109466,-130280,52218,66516
15853.9,-109477,-130245,52103,66421
15855.9,-109667,-130329,52043,66387
15857.9,-109777,-130330,52001,66359
15859.9,-109668,-130219,51894,66256
15861.9,-109482,-130186,51806,66183
15863.9,-109460,-130306,51846,66247
15865.9,-109634,-130425,51925,66329
15867.9,-109741,-130371,51899,66295
15869.9,-109642,-130206,51820,66228
15871.9,-109585,-130142,51794,66229
15873.9,-109694,-130173,51761,66202
15875.9,-109688,-130099,51640,66072
15877.9,-109547,-130016,51553,66000
15879.9,-109632,-130236,51626,66108
15881.9,-109866,-130575,51726,66234
15883.88,-109814,-130527,51681,66204
15885.85,-109600,-130179,51566,66106
15887.83,-109647,-130063,51522,66070
15889.8,-109797,-130186,51501,66040
15891.8,-109721,-130141,51434,65972
15893.8,-109572,-129935,51381,65942
15895.8,-109533,-129861,51373,65955
15897.8,-109496,-129908,51363,65944
15899.8,-109498,-129907,51345,65930
15901.8,-109654,-129854,51337,65945
15903.8,-109747,-129794,51314,65937
15905.8,-109602,-129747,51279,65902
15907.8,-109499,-129789,51276,65913
15909.8,-109637,-129900,51287,65952
15911.8,-109726,-129883,51263,65937
15913.8,-109548,-129662,51212,65872
15915.8,-109362,-129456,51174,65826
15917.8,-109425,-129503,51176,65837
15919.8,-109616,-129733,51207,65880
15921.8,-109695,-129834,51207,65891
15923.8,-109593,-129645,51142,65841
15925.8,-109415,-129376,51082,65793
15927.8,-109349,-129312,51081,65799
15929.8,-109484,-129448,51074,65801
15931.8,-109657,-129591,51029,65769
15933.8,-109692,-129667,51018,65770
15935.8,-109644,-129701,51039,65808
15937.8,-109600,-129659,50987,65779
15939.8,-109532,-129530,50864,65672
15941.8,-109502,-129440,50785,65603
15943.8,-109603,-129466,50781,65609
15945.8,-109673,-129480,50772,65603
15947.8,-109550,-129377,50724,65553
15949.8,-109439,-129317,50681,65525
15951.8,-109560,-129455,50668,65541
15953.8,-109726,-129604,50653,65541
15955.8,-109657,-129515,50606,65488
15957.8,-109425,-129298,50533,65414
15959.8,-109308,-129255,50487,65380
15961.8,-109429,-129446,50509,65416
15963.78,-109632,-129659,50549,65476
15965.75,-109665,-129654,50513,65471
15967.72,-109484,-129381,50409,65390
15969.7,-109298,-129040,50333,65320
15971.7,-109279,-128899,50313,65308
15973.7,-109374,-129001,50303,65308
15975.7,-109448,-129134,50293,65306
15977.7,-109403,-129088,50291,65323
15979.7,-109250,-128881,50256,65314
15981.7,-109141,-128739,50181,65248
15983.7,-109185,-128837,50142,65198
15985.7,-109262,-129068,50166,65222
15987.7,-109243,-129168,50177,65254
15989.7,-109200,-129035,50122,65215
15991.7,-109223,-128809,50027,65125
15993.7,-109273,-128685,49932,65046
15995.7,-109320,-128741,49870,65005
15997.7,-109346,-128896,49868,65004
15999.7,-109279,-129010,49899,65019
16001.7,-109164,-129037,49906,65023
16003.7,-109178,-129035,49883,65017
16005.7,-109319,-129034,49854,65007
16007.7,-109366,-128989,49805,64963
16009.7,-109231,-128873,49729,64881
16011.7,-109074,-128764,49670,64828
16013.7,-109075,-128767,49653,64846
16015.7,-109247,-128821,49631,64858
16017.7,-109406,-128763,49559,64791
16019.7,-109344,-128640,49482,64708
16021.7,-109110,-128686,49480,64713
16023.7,-108988,-128870,49542,64778
16025.7,-109107,-128920,49584,64805
16027.7,-109270,-128794,49587,64802
16029.7,-109259,-128647,49633,64851
16031.7,-109114,-128452,49733,64941
16033.7,-109045,-128180,49789,64983
16035.7,-109158,-128048,49783,64976
16037.7,-109306,-128114,49805,65000
16039.7,-109263,-128108,49848,65032
16041.7,-109062,-127967,49808,64982
16043.67,-108975,-127944,49717,64896
16045.65,-109118,-128052,49708,64893
16047.63,-109270,-128053,49754,64936
16049.6,-109216,-127931,49740,64917
16051.6,-109028,-127814,49679,64864
16053.6,-108912,-127692,49648,64857
16055.6,-108924,-127568,49650,64891
16057.6,-108973,-127518,49691,64960
16059.6,-108972,-127472,49788,65072
16061.6,-108908,-127308,49855,65139
16063.6,-108839,-127083,49805,65075
16065.6,-108854,-126902,49720,64979
16067.6,-108947,-126776,49712,64982
16069.6,-108958,-126713,49732,65034
16071.6,-108768,-126714,49708,65035
16073.6,-108501,-126724,49677,65005
16075.6,-108392,-126728,49672,64983
16077.6,-108479,-126755,49642,64937
16079.6,-108590,-126750,49584,64884
16081.6,-108579,-126674,49562,64882
16083.6,-108469,-126643,49580,64902
16085.6,-108402,-126744,49569,64866
16087.6,-108513,-126876,49497,64778
16089.6,-108759,-126944,49419,64710
16091.6,-108895,-127025,49391,64685
16093.6,-108774,-127156,49379,64647
16095.6,-108601,-127248,49292,64544
16097.6,-108667,-127332,49127,64392
16099.6,-108889,-127554,48979,64245
16101.6,-108928,-127795,48870,64106
16103.6,-108730,-127780,48735,63954
16105.6,-108578,-127624,48612,63846
16107.6,-108622,-127680,48595,63851
16109.6,-108721,-127876,48603,63873
16111.6,-108758,-127865,48500,63781
16113.6,-108750,-127717,48375,63664
16115.6,-108700,-127771,48393,63677
16117.6,-108642,-127987,48478,63754
16119.6,-108693,-128056,48481,63752
16121.6,-108830,-127957,48434,63705
16123.58,-108852,-127887,48398,63662
16125.55,-108717,-127836,48301,63549
16127.53,-108640,-127697,48159,63407
16129.5,-108722,-127640,48140,63412
16131.5,-108806,-127850,48250,63541
16133.5,-108748,-128073,48298,63571
16135.5,-108599,-127981,48209,63455
16137.5,-108497,-127750,48105,63343
16139.5,-108531,-127710,48063,63283
16141.5,-108684,-127762,48037,63214
16143.5,-108797,-127682,47988,63142
16145.5,-108713,-127583,47961,63126
16147.5,-108538,-127621,48021,63189
16149.5,-108559,-127688,48136,63285
16151.5,-108820,-127696,48188,63307
16153.5,-109018,-127731,48176,63227
16155.5,-108946,-127779,48267,63191
16157.5,-108779,-127682,48504,63279
16159.5,-108748,-127469,48732,63369
16161.5,-108821,-127394,48924,63425
16163.5,-108827,-127562,49227,63614
16165.5,-108655,-127758,49593,63967
16167.5,-108280,-127727,49805,64337
16169.5,-107799,-127386,49879,64763
16171.5,-107389,-126773,49998,65426
16173.5,-107059,-126035,50099,66233
16175.5,-106612,-125378,49949,66894
16177.5,-106033,-124779,49540,67358
16179.5,-105627,-124016,49070,67802
16181.5,-105566,-123145,48586,68237
16183.5,-105659,-122546,47946,68414
16185.5,-105753,-122494,47088,68087
16187.5,-106005,-123056,46116,67160
16189.5,-106567,-124186,45108,65683
16191.5,-107319,-125495,44063,63915
16193.5,-108025,-126396,43100,62286
16195.5,-108499,-126776,42464,61119
16197.5,-108653,-127023,42272,60446
16199.5,-108591,-127320,42449,60167
16201.4,-108530,-127517,42926,60219
16203.4,-108550,-127607,43655,60513
16205.4,-108561,-127682,44472,60881
16207.4,-108466,-127627,45197,61218
16209.4,-108269,-127378,45820,61551
16211.4,-108105,-127201,46414,61916
16213.4,-108136,-127271,46945,62257
16215.4,-108292,-127350,47318,62494
16217.4,-108311,-127244,47517,62603
16219.4,-108160,-127133,47607,62614
16221.4,-108080,-127164,47641,62568
16223.4,-108178,-127199,47644,62498
16225.4,-108316,-127153,47652,62441
16227.4,-108358,-127122,47696,62434
16229.4,-108256,-127118,47756,62477
16231.4,-108086,-127088,47799,62529
16233.4,-108071,-127087,47829,62561
16235.4,-108270,-127128,47866,62571
16237.4,-108372,-127089,47903,62568
16239.4,-108169,-126980,47939,62561
16241.4,-107961,-126954,47971,62544
16243.4,-108069,-127009,47992,62512
16245.4,-108315,-127013,48018,62501
16247.4,-108354,-126944,48062,62540
16249.4,-108176,-126844,48089,62582
16251.4,-108001,-126737,48073,62570
16253.4,-107966,-126692,48066,62537
16255.4,-108062,-126730,48093,62532
16257.4,-108167,-126749,48108,62531
16259.4,-108161,-126741,48101,62510
16261.4,-108076,-126833,48110,62483
16263.4,-108042,-126972,48120,62444
16265.4,-108062,-126950,48092,62382
16267.4,-108058,-126777,48056,62327
16269.4,-108033,-126645,48044,62306
16271.4,-108011,-126612,48045,62308
16273.4,-107960,-126621,48075,62336
16275.4,-107911,-126688,48171,62405
16277.4,-107924,-126794,48293,62478
16279.4,-107924,-126788,48346,62489
16281.3,-107806,-126591,48295,62414
16283.3,-107668,-126347,48208,62304
16285.3,-107678,-126241,48183,62248
16287.3,-107810,-126269,48241,62280
16289.3,-107885,-126314,48324,62353
16291.3,-107785,-126337,48392,62413
16293.3,-107567,-126338,48438,62445
16295.3,-107442,-126264,48441,62427
16297.3,-107547,-126118,48411,62372
16299.3,-107712,-126051,48427,62363
16301.3,-107680,-126148,48506,62419
16303.3,-107519,-126297,48558,62444
16305.3,-107506,-126397,48562,62422
16307.3,-107668,-126467,48603,62442
16309.3,-107741,-126477,48670,62492
16311.3,-107564,-126321,48673,62468
16313.3,-107287,-126024,48633,62396
16315.3,-107172,-125783,48643,62377
16317.3,-107279,-125773,48710,62415
16319.3,-107416,-125938,48787,62459
16321.3,-107400,-126027,48861,62505
16323.3,-107260,-125912,48924,62544
16325.3,-107134,-125801,48961,62551
16327.3,-107089,-125868,48978,62552
16329.3,-107122,-125940,49003,62589
16331.3,-107182,-125842,49040,62641
16333.3,-107179,-125708,49072,62664
16335.3,-107090,-125644,49080,62651
16337.3,-107025,-125554,49076,62633
16339.3,-107069,-125434,49094,62626
16341.3,-107149,-125411,49122,62614
16343.3,-107154,-125455,49142,62607
16345.3,-107055,-125452,49193,62656
16347.3,-106912,-125408,49292,62745
16349.3,-106825,-125345,49363,62774
16351.3,-106838,-125226,49362,62733
16353.3,-106841,-125115,49372,62738
16355.3,-106697,-125117,49457,62828
16357.3,-106498,-125145,49553,62895
16359.3,-106467,-125065,49594,62886
16361.2,-106603,-124951,49608,62867
16363.2,-106653,-124919,49638,62871
16365.2,-106489,-124908,49680,62873
16367.2,-106293,-124862,49718,62884
16369.2,-106282,-124827,49746,62924
16371.2,-106430,-124765,49768,62959
16373.2,-106527,-124616,49804,62978
16375.2,-106416,-124498,49870,63017
16377.2,-106174,-124512,49931,63056
16379.2,-106085,-124577,49934,63028
16381.2,-106257,-124649,49923,62986
16383.2,-106380,-124729,49975,63040
16385.2,-106219,-124679,50046,63119
16387.2,-106047,-124493,50031,63078
16389.2,-106097,-124399,49980,62989
16391.2,-106094,-124419,50023,63016
16393.2,-105916,-124374,50123,63102
16395.2,-105924,-124325,50162,63103
16397.2,-106137,-124365,50161,63067
16399.2,-106088,-124330,50188,63083
16401.2,-105798,-124222,50220,63096
16403.2,-105747,-124265,50232,63062
16405.2,-105928,-124327,50237,63031
16407.2,-105973,-124149,50223,63019
16409.2,-105897,-123954,50209,63018
16411.2,-105873,-123985,50271,63077
16413.2,-105821,-123967,50372,63175
16415.2,-105725,-123766,50402,63207
16417.2,-105729,-123776,50391,63177
16419.2,-105768,-124102,50427,63170
16421.2,-105688,-124277,50460,63169
16423.2,-105615,-124149,50437,63138
16425.2,-105703,-124130,50459,63149
16427.2,-105793,-124312,50566,63230
16429.2,-105696,-124278,50643,63286
16431.2,-105534,-123949,50645,63275
16433.2,-105512,-123759,50655,63254
16435.2,-105629,-123861,50679,63228
16437.2,-105748,-123953,50665,63171
16439.2,-105751,-123873,50648,63130
16441.1,-105610,-123751,50676,63134
16443.1,-105454,-123660,50690,63109
16445.1,-105477,-123600,50666,63043
16447.1,-105663,-123667,50702,63045
16449.1,-105788,-123891,50830,63144
16451.1,-105736,-124085,50924,63209
16453.1,-105624,-124075,50910,63168
16455.1,-105600,-123954,50869,63110
16457.1,-105683,-123917,50866,63101
16459.1,-105781,-123949,50866,63088
16461.1,-105803,-123900,50844,63041
16463.1,-105754,-123816,50837,62999
16465.1,-105716,-123879,50859,62980
16467.1,-105745,-124043,50887,62969
16469.1,-105824,-124086,50896,62957
16471.1,-105858,-123991,50880,62941
16473.1,-105749,-123941,50867,62927
16475.1,-105588,-124004,50900,62945
16477.1,-105615,-124083,50956,62983
16479.1,-105837,-124095,50971,62980
16481.1,-105941,-124057,50948,62927
16483.1,-105770,-124021,50947,62893
16485.1,-105554,-123994,50976,62911
16487.1,-105521,-123949,50987,62927
16489.1,-105618,-123922,50973,62895
16491.1,-105681,-123947,50972,62849
16493.1,-105631,-123924,51005,62855
16495.1,-105505,-123795,51060,62914
16497.1,-105439,-123715,51109,62959
16499.1,-105511,-123781,51123,62934
16501.1,-105614,-123831,51112,62884
16503.1,-105613,-123774,51135,62891
16505.1,-105535,-123713,51214,62957
16507.1,-105470,-123669,51290,63002
16509.1,-105456,-123585,51313,62992
16511.1,-105501,-123552,51325,62981
16513.1,-105531,-123610,51383,63020
16515.1,-105415,-123613,51463,63073
16517.1,-105230,-123546,51508,63093
16519.1,-105230,-123558,51526,63094
16521.0,-105407,-123596,51555,63107
16523.0,-105461,-123514,51593,63119
16525.0,-105305,-123419,51620,63119
16527.0,-105174,-123425,51646,63122
16529.0,-105205,-123383,51676,63138
16531.0,-105296,-123223,51702,63155
16533.0,-105316,-123125,51730,63170
16535.0,-105197,-123133,51774,63188
16537.0,-104967,-123105,51853,63233
16539.0,-104797,-123081,51982,63331
16541.0,-104821,-123164,52119,63438
16543.0,-104916,-123199,52162,63445
16545.0,-104881,-123030,52086,63332
16547.0,-104735,-122851,52008,63238
16549.0,-104658,-122941,52048,63283
16551.0,-104744,-123253,52185,63420
16553.0,-104893,-123457,52282,63501
16555.0,-104908,-123296,52241,63436
16557.0,-104723,-122911,52133,63305
16559.0,-104540,-122745,52127,63272
16561.0,-104604,-122972,52241,63358
16563.0,-104824,-123252,52326,63424
16565.0,-104889,-123240,52325,63411
16567.0,-104717,-123017,52312,63386
16569.0,-104539,-122839,52289,63355
16571.0,-104544,-122835,52235,63300
16573.0,-104661,-122999,52250,63308
16575.0,-104703,-123180,52378,63408
16577.0,-104594,-123172,52478,63475
16579.0,-104453,-123045,52485,63463
16581.0,-104451,-123062,52495,63461
16583.0,-104593,-123217,52529,63478
16585.0,-104714,-123307,52536,63466
16587.0,-104686,-123355,52559,63475
16589.0,-104531,-123429,52599,63506
16591.0,-104387,-123353,52556,63457
16592.97,-104391,-123137,52482,63385
16594.95,-104514,-123130,52540,63444
16596.93,-104542,-123338,52658,63544
16598.9,-104387,-123339,52657,63505
16600.9,-104236,-123134,52614,63420
16602.9,-104281,-123182,52677,63451
16604.9,-104451,-123479,52743,63496
16606.9,-104526,-123548,52697,63433
16608.9,-104403,-123329,52663,63376
16610.9,-104213,-123220,52738,63432
16612.9,-104190,-123305,52821,63513
16614.9,-104357,-123300,52843,63545
16616.9,-104448,-123148,52872,63572
16618.9,-104294,-123062,52908,63592
16620.9,-104083,-123100,52875,63550
16622.9,-104059,-123166,52818,63491
16624.9,-104191,-123263,52845,63504
16626.9,-104290,-123385,52920,63556
16628.9,-104269,-123392,52935,63556
16630.9,-104171,-123264,52915,63529
16632.9,-104090,-123178,52946,63549
16634.9,-104071,-123167,52995,63585
16636.9,-104047,-123084,53002,63586
16638.9,-103942,-122958,53018,63595
16640.9,-103806,-122928,53087,63637
16642.9,-103767,-122930,53141,63649
16644.9,-103862,-122878,53128,63610
16646.9,-103984,-122908,53113,63599
16648.9,-103974,-123052,53149,63646
16650.9,-103804,-123080,53193,63684
16652.9,-103638,-122955,53202,63676
16654.9,-103646,-122942,53209,63677
16656.9,-103784,-123098,53249,63725
16658.9,-103864,-123188,53291,63773
16660.9,-103778,-123117,53287,63764
16662.9,-103606,-123001,53247,63711
16664.9,-103541,-122917,53221,63671
16666.9,-103675,-122882,53239,63679
16668.9,-103828,-122914,53278,63719
16670.9,-103760,-122983,53300,63745
16672.88,-103556,-123060,53311,63744
16674.85,-103512,-123176,53355,63757
16676.82,-103656,-123280,53421,63795
16678.8,-103736,-123240,53435,63797
16680.8,-103632,-123075,53401,63754
16682.8,-103464,-122972,53407,63742
16684.8,-103374,-123013,53465,63778
16686.8,-103407,-123137,53500,63795
16688.8,-103487,-123243,53506,63790
16690.8,-103447,-123195,53514,63795
16692.8,-103261,-122965,53494,63773
16694.8,-103161,-122829,53467,63731
16696.8,-103304,-123023,53531,63768
16698.8,-103500,-123309,53658,63875
16700.8,-103493,-123337,53697,63909
16702.8,-103314,-123214,53648,63856
16704.8,-103177,-123247,53645,63836
16706.8,-103213,-123398,53696,63859
16708.8,-103385,-123451,53716,63857
16710.8,-103523,-123410,53723,63859
16712.8,-103479,-123396,53763,63916
16714.8,-103318,-123389,53790,63970
16716.8,-103242,-123331,53770,63964
16718.8,-103303,-123292,53770,63951
16720.8,-103354,-123347,53822,63978
16722.8,-103275,-123372,53862,63992
16724.8,-103112,-123223,53857,63964
16726.8,-103013,-123051,53870,63958
16728.8,-103075,-123103,53928,64016
16730.8,-103205,-123297,53975,64076
16732.8,-103197,-123377,53982,64086
16734.8,-103035,-123349,53970,64059
16736.8,-102928,-123311,53950,64022
16738.8,-102969,-123208,53941,64006
16740.8,-103017,-123091,53989,64053
16742.8,-102932,-123181,54085,64142
16744.8,-102729,-123404,54147,64190
16746.8,-102557,-123440,54162,64192
16748.8,-102593,-123294,54188,64208
16750.8,-102796,-123230,54256,64255
16752.78,-102859,-123206,54345,64318
16754.75,-102642,-122963,54428,64395
16756.72,-102411,-122586,54490,64456
16758.7,-102419,-122418,54561,64497
16760.7,-102574,-122517,54674,64570
16762.7,-102658,-122614,54767,64659
16764.7,-102582,-122587,54762,64668
16766.7,-102402,-122592,54726,64621
16768.7,-102308,-122701,54764,64638
16770.7,-102409,-122758,54815,64692
16772.7,-102520,-122680,54792,64674
16774.7,-102440,-122582,54748,64620
16776.7,-102274,-122511,54756,64627
16778.7,-102186,-122380,54792,64678
16780.7,-102166,-122247,54850,64737
16782.7,-102182,-122266,54974,64843
16784.7,-102212,-122331,55111,64978
16786.7,-102163,-122203,55162,65039
16788.7,-102063,-121981,55144,65015
16790.7,-102074,-121930,55141,65006
16792.7,-102140,-121994,55165,65052
16794.7,-102047,-121968,55187,65108
16796.7,-101828,-121908,55201,65132
16798.7,-101699,-121952,55187,65109
16800.7,-101726,-122074,55132,65050
16802.7,-101858,-122210,55093,65006
16804.7,-102005,-122286,55102,64995
16806.7,-101984,-122199,55099,64965
16808.7,-101751,-122068,55077,64922
16810.7,-101581,-122144,55106,64937
16812.7,-101702,-122340,55152,64978
16814.7,-101932,-122394,55106,64942
16816.7,-101980,-122420,55007,64866
16818.7,-101860,-122648,54959,64834
16820.7,-101790,-122911,54911,64779
16822.7,-101866,-122980,54786,64632
16824.7,-101966,-123017,54672,64502
16826.7,-101942,-123229,54650,64472
16828.7,-101844,-123491,54647,64451
16830.7,-101838,-123615,54602,64383
16832.68,-101940,-123640,54554,64344
16834.65,-101993,-123703,54516,64350
16836.63,-101908,-123815,54474,64339
16838.6,-101747,-123845,54454,64305
16840.6,-101634,-123727,54470,64274
16842.6,-101677,-123635,54490,64254
16844.6,-101880,-123800,54530,64268
16846.6,-102056,-124097,54578,64297
16848.6,-102010,-124125,54541,64239
16850.6,-101810,-123873,54444,64137
16852.6,-101685,-123813,54466,64183
16854.6,-101726,-124088,54597,64344
16856.6,-101828,-124258,54618,64371
16858.6,-101847,-124107,54513,64259
16860.6,-101709,-123949,54473,64220
16862.6,-101504,-123930,54500,64245
16864.6,-101438,-123861,54455,64180
16866.6,-101546,-123806,54394,64096
16868.6,-101597,-123985,54444,64130
16870.6,-101471,-124213,54544,64223
16872.6,-101366,-124180,54605,64281
16874.6,-101460,-124003,54671,64324
16876.6,-101657,-123941,54773,64346
16878.6,-101769,-123933,54880,64324
16880.6,-101702,-123840,55022,64332
16882.6,-101523,-123759,55241,64418
16884.6,-101457,-123821,55513,64527
16886.6,-101573,-123978,55815,64677
16888.6,-101543,-124119,56127,64944
16890.6,-101126,-124164,56351,65292
16892.6,-100599,-123985,56443,65692
16894.6,-100201,-123493,56521,66266
16896.6,-99733,-122880,56628,67036
16898.6,-99153,-122454,56585,67763
16900.6,-98757,-122110,56263,68281
16902.6,-98536,-121447,55764,68695
16904.6,-98239,-120487,55195,69079
16906.6,-98017,-119766,54528,69294
16908.6,-98177,-119643,53749,69163
16910.6,-98620,-120065,52894,68534
16912.57,-99124,-120933,51959,67299
16914.55,-99661,-122102,50962,65636
16916.53,-100179,-123169,50047,64030
16918.5,-100600,-123771,49389,62838
16920.5,-100988,-124017,49074,62067
16922.5,-101304,-124267,49136,61674
16924.5,-101340,-124605,49558,61666
16926.5,-101140,-124811,50206,61905
16928.5,-101009,-124800,50908,62176
16930.5,-101029,-124749,51616,62466
16932.5,-101007,-124762,52345,62866
16934.5,-100848,-124738,53022,63311
16936.5,-100669,-124662,53532,63641
16938.5,-100615,-124660,53877,63825
16940.5,-100710,-124703,54133,63939
16942.5,-100812,-124649,54323,64013
16944.5,-100741,-124539,54439,64038
16946.5,-100517,-124499,54515,64046
16948.5,-100353,-124495,54591,64077
16950.5,-100380,-124474,54655,64120
16952.5,-100500,-124513,54699,64146
16954.5,-100523,-124594,54742,64160
16956.5,-100380,-124555,54789,64183
16958.5,-100198,-124416,54827,64213
16960.5,-100175,-124409,54850,64231
16962.5,-100329,-124588,54865,64234
16964.5,-100466,-124741,54873,64234
16966.5,-100436,-124727,54867,64229
16968.5,-100313,-124636,54850,64208
16970.5,-100242,-124583,54837,64194
16972.5,-100261,-124575,54854,64225
16974.5,-100312,-124581,54888,64276
16976.5,-100320,-124590,54896,64289
16978.5,-100247,-124575,54879,64274
16980.5,-100138,-124530,54873,64275
16982.5,-100085,-124514,54876,64265
16984.5,-100113,-124561,54858,64209
16986.5,-100132,-124585,54832,64155
16988.5,-100047,-124489,54813,64130
16990.5,-99926,-124328,54776,64093
16992.47,-99942,-124264,54740,64062
16994.45,-100107,-124375,54785,64128
16996.43,-100168,-124569,54917,64271
16998.4,-99959,-124692,55021,64364
17000.4,-99701,-124732,55043,64375
17002.4,-99697,-124821,55048,64384
17004.4,-99896,-124996,55065,64398
17006.4,-100027,-125103,55042,64352
17008.4,-99977,-125034,54980,64267
17010.4,-99818,-124880,54949,64234
17012.4,-99673,-124766,54968,64272
17014.4,-99650,-124694,54989,64322
17016.4,-99724,-124608,54991,64342
17018.4,-99732,-124501,54979,64328
17020.4,-99622,-124452,54963,64298
17022.4,-99543,-124556,54966,64288
17024.4,-99572,-124758,54990,64303
17026.4,-99610,-124874,55005,64310
17028.4,-99595,-124871,55008,64312
17030.4,-99553,-124889,55034,64339
17032.4,-99504,-124947,55071,64374
17034.4,-99486,-124892,55072,64374
17036.4,-99535,-124700,55059,64367
17038.4,-99582,-124579,55089,64403
17040.4,-99539,-124689,55156,64459
17042.4,-99457,-124886,55199,64484
17044.4,-99443,-124910,55198,64473
17046.4,-99496,-124780,55192,64470
17048.4,-99525,-124751,55207,64498
17050.4,-99424,-124829,55222,64536
17052.4,-99183,-124748,55216,64560
17054.4,-98981,-124528,55215,64584
17056.4,-99015,-124484,55248,64626
17058.4,-99186,-124629,55281,64662
17060.4,-99207,-124650,55283,64672
17062.4,-99023,-124526,55288,64691
17064.4,-98869,-124546,55335,64736
17066.4,-98927,-124723,55379,64766
17068.4,-99102,-124759,55369,64758
17070.4,-99153,-124593,55340,64753
17072.38,-98990,-124480,55344,64775
17074.35,-98798,-124534,55344,64775
17076.32,-98783,-124587,55286,64730
17078.3,-98861,-124538,55225,64705
17080.3,-98823,-124481,55253,64753
17082.3,-98671,-124464,55326,64811
17084.3,-98561,-124424,55334,64801
17086.3,-98572,-124391,55302,64772
17088.3,-98667,-124455,55338,64825
17090.3,-98726,-124528,55423,64916
17092.3,-98619,-124440,55442,64924
17094.3,-98405,-124258,55402,64875
17096.3,-98311,-124182,55423,64889
17098.3,-98397,-124232,55516,64971
17100.3,-98479,-124298,55586,65027
17102.3,-98424,-124321,55596,65034
17104.3,-98278,-124278,55567,65005
17106.3,-98165,-124194,55522,64945
17108.3,-98181,-124209,55508,64913
17110.3,-98279,-124356,55554,64966
17112.3,-98257,-124417,55584,65020
17114.3,-98046,-124269,55537,64986
17116.3,-97862,-124110,55499,64950
17118.3,-97901,-124128,55553,65008
17120.3,-98071,-124253,55623,65091
17122.3,-98141,-124340,55624,65106
17124.3,-98034,-124323,55588,65079
17126.3,-97897,-124215,55565,65049
17128.3,-97925,-124128,55533,64997
17130.3,-98087,-124133,55467,64919
17132.3,-98127,-124141,55399,64871
17134.3,-97923,-124136,55391,64906
17136.3,-97680,-124264,55441,64990
17138.3,-97649,-124483,55464,65019
17140.3,-97819,-124541,55413,64965
17142.3,-97973,-124416,55345,64913
17144.3,-97948,-124317,55314,64908
17146.3,-97793,-124292,55296,64901
17148.3,-97712,-124273,55288,64880
17150.3,-97810,-124311,55310,64889
17152.28,-97949,-124420,55334,64920
17154.25,-97944,-124464,55323,64929
17156.22,-97819,-124418,55311,64928
17158.2,-97722,-124413,55331,64937
17160.2,-97718,-124460,55353,64936
17162.2,-97771,-124430,55352,64906
17164.2,-97828,-124354,55351,64883
17166.2,-97834,-124410,55367,64887
17168.2,-97785,-124558,55370,64881
17170.2,-97777,-124551,55338,64838
17172.2,-97873,-124377,55311,64802
17174.2,-97957,-124282,55324,64806
17176.2,-97882,-124294,55335,64803
17178.2,-97697,-124223,55305,64761
17180.2,-97601,-124095,55272,64725
17182.2,-97700,-124143,55275,64722
17184.2,-97866,-124407,55292,64720
17186.2,-97876,-124659,55300,64714
17188.2,-97713,-124705,55291,64701
17190.2,-97625,-124608,55248,64656
17192.2,-97774,-124579,55184,64589
17194.2,-97992,-124655,55126,64528
17196.2,-98026,-124674,55084,64472
17198.2,-97869,-124626,55071,64446
17200.2,-97735,-124677,55093,64481
17202.2,-97787,-124821,55102,64513
17204.2,-97962,-124915,55085,64483
17206.2,-98043,-124918,55086,64441
17208.2,-97951,-124822,55078,64406
17210.2,-97852,-124676,54995,64325
17212.2,-97901,-124693,54922,64260
17214.2,-98011,-124904,54962,64309
17216.2,-98006,-124978,55025,64388
17218.2,-97865,-124803,54999,64373
17220.2,-97722,-124705,54939,64317
17222.2,-97730,-124815,54919,64302
17224.2,-97908,-124896,54927,64318
17226.2,-98077,-124890,54965,64359
17228.2,-98053,-124950,55021,64414
17230.2,-97892,-125019,55025,64414
17232.18,-97806,-124949,54975,64351
17234.15,-97871,-124840,54963,64320
17236.13,-97976,-124840,54995,64349
17238.1,-97968,-124871,54999,64377
17240.1,-97810,-124804,54969,64365
17242.1,-97635,-124689,54949,64336
17244.1,-97619,-124666,54948,64317
17246.1,-97742,-124764,54956,64316
17248.1,-97794,-124864,54956,64303
17250.1,-97678,-124847,54933,64264
17252.1,-97549,-124745,54917,64250
17254.1,-97579,-124692,54940,64288
17256.1,-97705,-124736,54977,64318
17258.1,-97724,-124787,54986,64304
17260.1,-97593,-124759,54960,64275
17262.1,-97493,-124697,54907,64239
17264.1,-97571,-124689,54854,64186
17266.1,-97740,-124733,54825,64146
17268.1,-97811,-124777,54801,64127
17270.1,-97720,-124849,54771,64109
17272.1,-97564,-124976,54783,64118
17274.1,-97482,-125048,54836,64180
17276.1,-97517,-124972,54861,64248
17278.1,-97554,-124845,54856,64277
17280.1,-97453,-124767,54885,64289
17282.1,-97255,-124688,54925,64302
17284.1,-97161,-124578,54892,64280
17286.1,-97254,-124503,54798,64208
17288.1,-97374,-124476,54739,64146
17290.1,-97339,-124479,54771,64161
17292.1,-97185,-124540,54836,64228
17294.1,-97087,-124635,54831,64241
17296.1,-97136,-124684,54749,64168
17298.1,-97258,-124707,54704,64124
17300.1,-97317,-124759,54750,64175
17302.1,-97249,-124756,54778,64213
17304.1,-97144,-124629,54692,64126
17306.1,-97143,-124525,54567,63998
17308.1,-97229,-124608,54526,63970
17310.1,-97255,-124792,54556,64024
17312.07,-97189,-124884,54565,64046
17314.05,-97139,-124865,54527,64018
17316.03,-97161,-124856,54501,64010
17318.0,-97235,-124924,54519,64042
17320.0,-97325,-125021,54554,64069
17322.0,-97330,-125035,54554,64060
17324.0,-97176,-124901,54503,64016
17326.0,-97028,-124758,54429,63958
17328.0,-97108,-124817,54391,63933
17330.0,-97302,-124977,54395,63952
17332.0,-97312,-124944,54373,63952
17334.0,-97128,-124783,54300,63895
17336.0,-96999,-124811,54245,63845
17338.0,-97040,-124976,54244,63857
17340.0,-97160,-124992,54238,63879
17342.0,-97211,-124910,54200,63863
17344.0,-97107,-124916,54179,63846
17346.0,-96960,-124932,54192,63860
17348.0,-96984,-124907,54196,63871
17350.0,-97140,-124988,54186,63864
17352.0,-97165,-125129,54182,63864
17354.0,-97008,-125119,54176,63869
17356.0,-96862,-124997,54158,63862
17358.0,-96811,-124942,54145,63859
17360.0,-96839,-124961,54149,63877
17362.0,-96957,-125003,54143,63889
17364.0,-97065,-125062,54103,63862
17366.0,-96996,-125060,54045,63812
17368.0,-96843,-124977,54001,63773
17370.0,-96863,-124947,53982,63748
17372.0,-97040,-125015,53976,63730
17374.0,-97116,-125056,53970,63720
17376.0,-97000,-125027,53956,63716
17378.0,-96861,-125009,53945,63717
17380.0,-96858,-125030,53953,63743
17382.0,-96974,-125071,53967,63787
17384.0,-97067,-125129,53944,63793
17386.0,-97001,-125165,53891,63747
17388.0,-96822,-125137,53858,63707
17390.0,-96762,-125097,53845,63693
17391.97,-96897,-125084,53823,63672
17393.95,-96972,-125035,53816,63662
17395.93,-96842,-124920,53827,63689
17397.9,-96752,-124834,53784,63686
17399.9,-96825,-124852,53683,63607
17401.9,-96800,-124906,53626,63530
17403.9,-96627,-124913,53624,63513
17405.9,-96597,-124877,53594,63502
17407.9,-96688,-124842,53553,63473
17409.9,-96636,-124844,53567,63465
17411.9,-96584,-124892,53590,63478
17413.9,-96785,-124972,53583,63492
17415.9,-96983,-125056,53608,63524
17417.9,-96870,-125087,53663,63551
17419.9,-96628,-125009,53680,63545
17421.9,-96512,-124882,53688,63561
17423.9,-96490,-124837,53732,63619
17425.9,-96540,-124837,53728,63621
17427.9,-96669,-124731,53635,63543
17429.9,-96698,-124571,53571,63497
17431.9,-96517,-124537,53585,63515
17433.9,-96355,-124623,53593,63524
17435.9,-96420,-124711,53584,63529
17437.9,-96562,-124765,53613,63576
17439.9,-96556,-124720,53606,63582
17441.9,-96448,-124553,53493,63493
17443.9,-96404,-124506,53417,63442
17445.9,-96469,-124764,53514,63542
17447.9,-96558,-125040,53635,63656
17449.9,-96561,-125016,53576,63601
17451.9,-96456,-124890,53419,63442
17453.9,-96382,-124986,53373,63383
17455.9,-96458,-125179,53439,63455
17457.9,-96562,-125195,53478,63525
17459.9,-96516,-125068,53464,63524
17461.9,-96359,-124937,53456,63499
17463.9,-96248,-124800,53453,63473
17465.9,-96257,-124697,53422,63429
17467.9,-96374,-124737,53373,63384
17469.9,-96503,-124850,53341,63367
17471.88,-96493,-124843,53348,63376
17473.85,-96360,-124698,53373,63383
17475.82,-96301,-124566,53361,63367
17477.8,-96375,-124573,53312,63353
17479.8,-96452,-124721,53301,63386
17481.8,-96451,-124834,53329,63440
17483.8,-96375,-124735,53308,63429
17485.8,-96238,-124558,53244,63358
17487.8,-96145,-124568,53242,63327
17489.8,-96195,-124702,53301,63361
17491.8,-96248,-124704,53322,63382
17493.8,-96141,-124598,53289,63354
17495.8,-96000,-124534,53254,63311
17497.8,-96005,-124458,53212,63270
17499.8,-96081,-124328,53167,63255
17501.8,-96103,-124315,53188,63320
17503.8,-96091,-124478,53261,63418
17505.8,-96074,-124610,53252,63415
17507.8,-96064,-124590,53146,63314
17509.8,-96132,-124551,53096,63273
17511.8,-96239,-124594,53146,63333
17513.8,-96189,-124615,53163,63359
17515.8,-95980,-124528,53098,63304
17517.8,-95885,-124425,53044,63260
17519.8,-96022,-124400,53037,63258
17521.8,-96155,-124392,53017,63250
17523.8,-96077,-124319,52984,63240
17525.8,-95904,-124251,52993,63260
17527.8,-95883,-124307,53031,63285
17529.8,-96050,-124446,53045,63281
17531.8,-96201,-124507,53024,63255
17533.8,-96177,-124430,52987,63218
17535.8,-96034,-124305,52955,63184
17537.8,-95910,-124206,52945,63181
17539.8,-95867,-124158,52975,63239
17541.8,-95891,-124206,53056,63351
17543.8,-95909,-124312,53187,63484
17545.8,-95833,-124303,53330,63604
17547.8,-95708,-124124,53418,63675
17549.8,-95696,-123944,53417,63669
17551.78,-95811,-123877,53364,63609
17553.75,-95870,-123853,53328,63561
17555.72,-95778,-123820,53330,63562
17557.7,-95652,-123821,53342,63583
17559.7,-95633,-123854,53349,63603
17561.7,-95720,-123835,53358,63635
17563.7,-95810,-123689,53358,63672
17565.7,-95794,-123450,53348,63685
17567.7,-95657,-123266,53373,63706
17569.7,-95522,-123219,53456,63785
17571.7,-95534,-123184,53514,63860
17573.7,-95674,-123047,53473,63839
17575.7,-95742,-122920,53410,63782
17577.7,-95610,-122906,53434,63820
17579.7,-95430,-122895,53486,63899
17581.7,-95428,-122824,53449,63878
17583.7,-95550,-122841,53379,63807
17585.7,-95550,-122987,53395,63823
17587.7,-95387,-123064,53433,63864
17589.7,-95263,-122998,53390,63808
17591.7,-95289,-122970,53342,63735
17593.7,-95374,-123052,53374,63755
17595.7,-95395,-123073,53402,63792
17597.7,-95325,-122960,53366,63777
17599.7,-95262,-122879,53335,63768
17601.7,-95361,-122957,53330,63766
17603.7,-95609,-123118,53285,63704
17605.7,-95767,-123253,53182,63598
17607.7,-95700,-123371,53049,63489
17609.7,-95568,-123524,52906,63359
17611.7,-95560,-123690,52793,63222
17613.7,-95646,-123787,52737,63139
17615.7,-95707,-123793,52688,63095
17617.7,-95667,-123761,52608,63043
17619.7,-95509,-123744,52535,62985
17621.7,-95340,-123763,52491,62939
17623.7,-95343,-123840,52461,62915
17625.7,-95507,-123952,52443,62923
17627.7,-95597,-123993,52422,62925
17629.7,-95512,-123926,52364,62869
17631.68,-95422,-123887,52297,62800
17633.65,-95484,-123981,52285,62786
17635.63,-95624,-124131,52328,62818
17637.6,-95684,-124232,52377,62864
17639.6,-95602,-124259,52400,62914
17641.6,-95461,-124168,52378,62926
17643.6,-95438,-123992,52331,62885
17645.6,-95603,-123936,52306,62846
17647.6,-95761,-124038,52289,62818
17649.6,-95677,-124045,52239,62757
17651.6,-95446,-123930,52198,62699
17653.6,-95380,-124004,52215,62702
17655.6,-95553,-124230,52225,62721
17657.6,-95723,-124195,52181,62712
17659.6,-95701,-123907,52172,62723
17661.6,-95590,-123800,52258,62766
17663.6,-95605,-123923,52381,62796
17665.6,-95767,-123945,52508,62825
17667.6,-95869,-123829,52692,62897
17669.6,-95757,-123788,52964,63022
17671.6,-95532,-123797,53280,63208
17673.6,-95353,-123714,53551,63437
17675.6,-95196,-123599,53700,63655
17677.6,-94939,-123488,53767,63936
17679.6,-94538,-123176,53868,64452
17681.6,-94006,-122581,53998,65178
17683.6,-93405,-121968,54015,65886
17685.6,-92900,-121535,53841,66479
17687.6,-92631,-121083,53492,66999
17689.6,-92506,-120403,52959,67385
17691.6,-92326,-119666,52235,67539
17693.6,-92128,-119239,51406,67443
17695.6,-92228,-119394,50549,66976
17697.6,-92825,-120200,49640,65910
17699.6,-93667,-121404,48659,64329
17701.6,-94305,-122471,47703,62713
17703.6,-94657,-123031,46923,61433
17705.6,-95004,-123210,46451,60535
17707.6,-95422,-123379,46380,60033
17709.6,-95641,-123684,46703,59964
17711.57,-95533,-123948,47278,60161
17713.55,-95311,-123997,47951,60399
17715.53,-95197,-123916,48668,60683
17717.5,-95228,-123884,49397,61081
17719.5,-95330,-123888,50041,61480
17721.5,-95351,-123815,50531,61766
17723.5,-95184,-123705,50893,61984
17725.5,-94990,-123681,51170,62164
17727.5,-95016,-123738,51354,62249
17729.5,-95211,-123756,51447,62245
17731.5,-95299,-123664,51491,62233
17733.5,-95201,-123518,51521,62235
17735.5,-95081,-123446,51537,62225
17737.5,-95067,-123472,51540,62221
17739.5,-95147,-123471,51549,62252
17741.5,-95219,-123383,51566,62288
17743.5,-95169,-123318,51582,62301
17745.5,-95006,-123331,51611,62316
17747.5,-94923,-123331,51654,62353
17749.5,-95051,-123307,51661,62366
17751.5,-95250,-123383,51614,62322
17753.5,-95305,-123524,51581,62271
17755.5,-95198,-123502,51596,62263
17757.5,-95053,-123286,51595,62277
17759.5,-94982,-123156,51569,62292
17761.5,-95030,-123284,51589,62321
17763.5,-95120,-123465,51636,62343
17765.5,-95095,-123458,51641,62333
17767.5,-94950,-123319,51650,62341
17769.5,-94883,-123228,51718,62391
17771.5,-94981,-123203,51756,62414
17773.5,-95055,-123174,51711,62385
17775.5,-94936,-123122,51693,62385
17777.5,-94753,-123041,51743,62427
17779.5,-94764,-122958,51760,62445
17781.5,-94973,-122964,51729,62445
17783.5,-95096,-123033,51723,62451
17785.5,-94957,-122990,51713,62421
17787.5,-94751,-122842,51662,62364
17789.5,-94745,-122811,51625,62343
17791.47,-94893,-122886,51603,62321
17793.45,-94942,-122824,51537,62237
17795.43,-94800,-122634,51482,62179
17797.4,-94611,-122539,51504,62219
17799.4,-94559,-122544,51520,62256
17801.4,-94679,-122542,51479,62230
17803.4,-94833,-122605,51491,62245
17805.4,-94858,-122793,51597,62338
17807.4,-94760,-122952,51672,62401
17809.4,-94677,-122953,51649,62376
17811.4,-94686,-122844,51608,62329
17813.4,-94740,-122695,51610,62329
17815.4,-94736,-122541,51626,62363
17817.4,-94600,-122449,51626,62388
17819.4,-94399,-122475,51632,62396
17821.4,-94329,-122540,51646,62404
17823.4,-94454,-122488,51624,62391
17825.4,-94589,-122333,51576,62343
17827.4,-94571,-122278,51579,62330
17829.4,-94480,-122405,51646,62393
17831.4,-94465,-122555,51701,62453
17833.4,-94551,-122607,51713,62451
17835.4,-94636,-122581,51702,62423
17837.4,-94584,-122464,51655,62397
17839.4,-94379,-122269,51593,62383
17841.4,-94227,-122156,51604,62425
17843.4,-94299,-122190,51678,62504
17845.4,-94461,-122209,51706,62535
17847.4,-94477,-122132,51676,62524
17849.4,-94347,-122065,51651,62530
17851.4,-94232,-122020,51625,62527
17853.4,-94207,-121928,51584,62501
17855.4,-94245,-121864,51580,62519
17857.4,-94270,-121926,51621,62590
17859.4,-94209,-122014,51661,62647
17861.4,-94115,-121979,51689,62674
17863.4,-94123,-121860,51697,62691
17865.4,-94210,-121791,51680,62691
17867.4,-94207,-121811,51679,62685
17869.4,-94094,-121852,51714,62691
17871.38,-94015,-121837,51726,62684
17873.35,-94034,-121768,51702,62670
17875.32,-94098,-121706,51707,62696
17877.3,-94146,-121668,51728,62739
17879.3,-94113,-121599,51708,62741
17881.3,-93962,-121486,51693,62741
17883.3,-93810,-121408,51744,62798
17885.3,-93826,-121409,51795,62857
17887.3,-93980,-121397,51769,62835
17889.3,-94064,-121287,51713,62758
17891.3,-93959,-121159,51711,62725
17893.3,-93753,-121153,51752,62761
17895.3,-93623,-121247,51774,62807
17897.3,-93662,-121268,51767,62830
17899.3,-93762,-121128,51773,62867
17901.3,-93704,-120934,51810,62928
17903.3,-93495,-120872,51841,62974
17905.3,-93451,-120982,51842,62986
17907.3,-93676,-121082,51815,62971
17909.3,-93811,-121025,51768,62927
17911.3,-93671,-120965,51725,62888
17913.3,-93597,-121082,51706,62894
17915.3,-93756,-121201,51698,62909
17917.3,-93817,-121080,51689,62904
17919.3,-93678,-120863,51700,62918
17921.3,-93634,-120806,51718,62951
17923.3,-93658,-120858,51711,62953
17925.3,-93502,-120871,51700,62949
17927.3,-93356,-120857,51702,62968
17929.3,-93488,-120843,51672,62954
17931.3,-93653,-120808,51609,62888
17933.3,-93599,-120767,51575,62845
17935.3,-93517,-120674,51553,62812
17937.3,-93537,-120483,51485,62719
17939.3,-93536,-120404,51434,62647
17941.3,-93554,-120625,51495,62711
17943.3,-93691,-120865,51592,62817
17945.3,-93757,-120780,51593,62805
17947.3,-93603,-120563,51530,62718
17949.3,-93465,-120566,51517,62692
17951.28,-93556,-120694,51544,62715
17953.25,-93713,-120716,51532,62699
17955.22,-93718,-120711,51494,62663
17957.2,-93609,-120749,51501,62675
17959.2,-93544,-120672,51523,62701
17961.2,-93596,-120507,51490,62673
17963.2,-93715,-120519,51445,62633
17965.2,-93747,-120667,51461,62636
17967.2,-93636,-120633,51477,62616
17969.2,-93566,-120463,51414,62512
17971.2,-93700,-120522,51337,62418
17973.2,-93883,-120791,51324,62415
17975.2,-93891,-120856,51316,62419
17977.2,-93776,-120600,51249,62346
17979.2,-93732,-120363,51182,62271
17981.2,-93826,-120429,51179,62287
17983.2,-93982,-120690,51218,62354
17985.2,-94073,-120865,51236,62377
17987.2,-94020,-120864,51201,62325
17989.2,-93919,-120815,51125,62238
17991.2,-93930,-120769,51038,62152
17993.2,-94035,-120658,50952,62067
17995.2,-94120,-120561,50892,62006
17997.2,-94159,-120648,50910,62027
17999.2,-94139,-120784,50969,62096
18001.2,-94035,-120690,50958,62099
18003.2,-93983,-120479,50890,62042
18005.2,-94120,-120467,50879,62035
18007.2,-94269,-120606,50911,62073
18009.2,-94181,-120651,50913,62085
18011.2,-93974,-120618,50926,62099
18013.2,-93943,-120595,50958,62121
18015.2,-94101,-120480,50904,62063
18017.2,-94217,-120271,50787,61954
18019.2,-94140,-120195,50759,61930
18021.2,-93957,-120316,50815,61973
18023.2,-93903,-120425,50838,61974
18025.2,-94071,-120415,50827,61951
18027.2,-94241,-120393,50829,61962
18029.2,-94170,-120399,50814,61969
18031.18,-93967,-120336,50774,61940
18033.15,-93907,-120198,50753,61904
18035.13,-94028,-120122,50761,61892
18037.1,-94172,-120182,50787,61924
18039.1,-94227,-120275,50834,61991
18041.1,-94165,-120246,50855,62009
18043.1,-94053,-120078,50806,61935
18045.1,-94037,-119964,50742,61858
18047.1,-94158,-120072,50738,61860
18049.1,-94258,-120269,50765,61887
18051.1,-94223,-120274,50752,61860
18053.1,-94151,-120107,50706,61810
18055.1,-94162,-120073,50700,61816
18057.1,-94214,-120255,50749,61877
18059.1,-94210,-120339,50768,61901
18061.1,-94132,-120098,50693,61829
18063.1,-94048,-119768,50588,61725
18065.1,-94058,-119710,50548,61685
18067.1,-94178,-119907,50560,61706
18069.1,-94269,-120056,50580,61733
18071.1,-94198,-120032,50613,61756
18073.1,-94032,-119934,50643,61771
18075.1,-93946,-119812,50614,61749
18077.1,-94004,-119677,50544,61703
18079.1,-94115,-119668,50531,61699
18081.1,-94121,-119849,50596,61748
18083.1,-93952,-119993,50641,61773
18085.1,-93767,-119889,50594,61718
18087.1,-93815,-119702,50505,61629
18089.1,-94055,-119702,50459,61595
18091.1,-94164,-119841,50470,61627
18093.1,-94002,-119907,50490,61659
18095.1,-93815,-119915,50487,61651
18097.1,-93866,-120000,50471,61631
18099.1,-94089,-120086,50460,61632
18101.1,-94217,-120029,50437,61632
18103.1,-94134,-119937,50378,61590
18105.1,-93995,-119971,50305,61509
18107.1,-94000,-120008,50258,61424
18109.1,-94131,-119886,50229,61347
18111.07,-94209,-119739,50193,61279
18113.05,-94144,-119736,50165,61247
18115.03,-94024,-119768,50163,61270
18117.0,-94008,-119727,50170,61308
18119.0,-94142,-119730,50180,61332
18121.0,-94269,-119814,50204,61360
18123.0,-94213,-119792,50201,61375
18125.0,-94050,-119605,50132,61324
18127.0,-94016,-119457,50046,61233
18129.0,-94150,-119494,50014,61195
18131.0,-94284,-119625,50031,61220
18133.0,-94305,-119722,50059,61246
18135.0,-94224,-119757,50086,61265
18137.0,-94093,-119770,50098,61292
18139.0,-94033,-119779,50076,61297
18141.0,-94125,-119763,50030,61255
18143.0,-94221,-119702,49978,61200
18145.0,-94128,-119634,49929,61163
18147.0,-93965,-119595,49896,61138
18149.0,-94005,-119571,49882,61123
18151.0,-94241,-119558,49854,61110
18153.0,-94393,-119567,49800,61075
18155.0,-94288,-119546,49753,61030
18157.0,-94053,-119459,49728,61017
18159.0,-93959,-119419,49714,61035
18161.0,-94117,-119505,49715,61044
18163.0,-94318,-119566,49734,61030
18165.0,-94288,-119448,49736,61007
18167.0,-94076,-119271,49688,60962
18169.0,-93974,-119253,49605,60868
18171.0,-94083,-119423,49557,60785
18173.0,-94227,-119612,49594,60804
18175.0,-94237,-119630,49650,60862
18177.0,-94127,-119475,49613,60821
18179.0,-94027,-119364,49531,60732
18181.0,-94061,-119409,49528,60740
18183.0,-94204,-119430,49560,60789
18185.0,-94289,-119320,49522,60755
18187.0,-94233,-119252,49481,60710
18189.0,-94158,-119312,49517,60750
18190.97,-94182,-119354,49543,60785
18192.95,-94245,-119331,49509,60757
18194.93,-94227,-119328,49494,60750
18196.9,-94116,-119312,49493,60772
18198.9,-94005,-119223,49419,60736
18200.9,-94013,-119139,49305,60655
18202.9,-94159,-119114,49238,60603
18204.9,-94305,-119112,49230,60603
18206.9,-94293,-119144,49262,60640
18208.9,-94147,-119190,49299,60668
18210.9,-94049,-119121,49283,60633
18212.9,-94130,-118968,49234,60582
18214.9,-94303,-118958,49238,60602
18216.9,-94353,-119096,49283,60649
18218.9,-94201,-119145,49299,60647
18220.9,-94041,-119066,49299,60628
18222.9,-94082,-119035,49306,60623
18224.9,-94252,-119069,49282,60590
18226.9,-94319,-119045,49239,60542
18228.9,-94212,-118942,49221,60524
18230.9,-94083,-118812,49204,60509
18232.9,-94116,-118738,49175,60486
18234.9,-94307,-118831,49190,60515
18236.9,-94419,-118993,49232,60576
18238.9,-94265,-118937,49215,60580
18240.9,-94038,-118711,49160,60550
18242.9,-94069,-118713,49157,60559
18244.9,-94295,-118957,49180,60575
18246.9,-94370,-119018,49150,60541
18248.9,-94202,-118803,49082,60489
18250.9,-94023,-118677,49048,60472
18252.9,-94013,-118791,49059,60496
18254.9,-94148,-118895,49075,60537
18256.9,-94285,-118807,49055,60551
18258.9,-94271,-118645,49012,60515
18260.9,-94129,-118596,48995,60477
18262.9,-94055,-118654,49011,60478
18264.9,-94142,-118685,49011,60476
18266.9,-94275,-118685,48981,60432
18268.9,-94338,-118738,48959,60383
18270.88,-94300,-118760,48948,60359
18272.85,-94189,-118635,48922,60339
18274.82,-94130,-118530,48904,60326
18276.8,-94218,-118598,48914,60333
18278.8,-94305,-118607,48895,60317
18280.8,-94203,-118390,48817,60258
18282.8,-94038,-118233,48771,60232
18284.8,-94064,-118377,48832,60300
18286.8,-94276,-118619,48922,60391
18288.8,-94455,-118708,48943,60412
18290.8,-94437,-118642,48906,60369
18292.8,-94267,-118526,48858,60320
18294.8,-94188,-118497,48812,60285
18296.8,-94351,-118604,48790,60267
18298.8,-94542,-118635,48792,60264
18300.8,-94480,-118435,48769,60258
18302.8,-94283,-118288,48725,60238
18304.8,-94247,-118447,48728,60231
18306.8,-94368,-118659,48778,60249
18308.8,-94434,-118662,48807,60268
18310.8,-94376,-118584,48796,60271
18312.8,-94269,-118504,48765,60247
18314.8,-94200,-118298,48717,60200
18316.8,-94233,-118048,48701,60179
18318.8,-94318,-117942,48771,60234
18320.8,-94320,-117887,48875,60325
18322.8,-94226,-117781,48943,60396
18324.8,-94181,-117782,49002,60460
18326.8,-94257,-117900,49067,60521
18328.8,-94350,-117905,49073,60527
18330.8,-94347,-117777,49020,60474
18332.8,-94267,-117645,48981,60415
18334.8,-94205,-117444,48945,60347
18336.8,-94212,-117216,48886,60272
18338.8,-94271,-117312,48893,60284
18340.8,-94331,-117737,48996,60407
18342.8,-94303,-117935,49070,60510
18344.8,-94146,-117638,49047,60512
18346.8,-94018,-117224,49015,60486
18348.8,-94131,-117045,49029,60508
18350.78,-94383,-117055,49054,60561
18352.75,-94438,-117100,49062,60607
18354.72,-94240,-117069,49051,60629
18356.7,-94068,-116900,49029,60636
18358.7,-94092,-116728,49035,60654
18360.7,-94191,-116753,49069,60681
18362.7,-94213,-116905,49073,60678
18364.7,-94134,-116992,49031,60635
18366.7,-94038,-117047,48995,60585
18368.7,-94033,-117149,48977,60541
18370.7,-94119,-117165,48957,60510
18372.7,-94143,-117007,48953,60521
18374.7,-94022,-116852,48983,60569
18376.7,-93903,-116854,48994,60596
18378.7,-93956,-116936,48948,60568
18380.7,-94146,-117016,48892,60512
18382.7,-94320,-117131,48849,60445
18384.7,-94395,-117288,48752,60325
18386.7,-94394,-117435,48573,60142
18388.7,-94403,-117565,48414,59981
18390.7,-94481,-117660,48347,59900
18392.7,-94572,-117658,48299,59848
18394.7,-94548,-117608,48223,59790
18396.7,-94404,-117648,48182,59775
18398.7,-94282,-117754,48190,59801
18400.7,-94316,-117784,48163,59784
18402.7,-94499,-117775,48101,59720
18404.7,-94665,-117829,48069,59678
18406.7,-94600,-117850,48045,59651
18408.7,-94350,-117765,47985,59602
18410.7,-94276,-117742,47938,59561
18412.7,-94491,-117826,47932,59548
18414.7,-94615,-117777,47909,59526
18416.7,-94459,-117563,47859,59493
18418.7,-94363,-117475,47848,59493
18420.7,-94463,-117567,47879,59520
18422.7,-94476,-117618,47895,59535
18424.7,-94415,-117639,47885,59531
18426.7,-94530,-117776,47874,59515
18428.7,-94631,-117865,47849,59477
18430.68,-94498,-117704,47799,59419
18432.65,-94464,-117521,47767,59384
18434.63,-94725,-117611,47816,59427
18436.6,-94892,-117797,47929,59531
18438.6,-94798,-117780,48019,59592
18440.6,-94763,-117655,48073,59576
18442.6,-94858,-117636,48192,59589
18444.6,-94853,-117621,48414,59685
18446.6,-94785,-117463,48666,59797
18448.6,-94790,-117345,48913,59928
18450.6,-94695,-117453,49168,60160
18452.6,-94306,-117578,49381,60480
18454.6,-93779,-117402,49546,60892
18456.6,-93350,-116953,49754,61522
18458.6,-92977,-116450,49950,62307
18460.6,-92466,-115919,49903,62939
18462.6,-91846,-115232,49550,63332
18464.6,-91413,-114428,49052,63690
18466.6,-91332,-113709,48458,64014
18468.6,-91425,-113207,47685,64063
18470.6,-91514,-113053,46793,63752
18472.6,-91733,-113513,45909,63087
18474.6,-92282,-114631,44997,61946
18476.6,-93080,-115917,43982,60378
18478.6,-93872,-116816,42997,58815
18480.6,-94491,-117234,42295,57661
18482.6,-94857,-117376,42013,56974
18484.6,-94955,-117444,42125,56681
18486.6,-94912,-117600,42522,56722
18488.6,-94882,-117825,43100,56959
18490.6,-94825,-117893,43785,57249
18492.6,-94627,-117724,44510,57570
18494.6,-94375,-117492,45191,57939
18496.6,-94275,-117333,45777,58307
18498.6,-94367,-117277,46263,58620
18500.6,-94475,-117338,46633,58853
18502.6,-94451,-117409,46868,58983
18504.6,-94353,-117336,46994,59018
18506.6,-94357,-117210,47069,59011
18508.6,-94505,-117214,47118,59004
18510.57,-94664,-117271,47146,59004
18512.55,-94725,-117214,47168,59019
18514.53,-94693,-117116,47200,59060
18516.5,-94614,-117082,47250,59114
18518.5,-94575,-117013,47311,59160
18520.5,-94676,-116874,47342,59181
18522.5,-94831,-116849,47324,59164
18524.5,-94829,-116994,47309,59135
18526.5,-94676,-117093,47333,59130
18528.5,-94610,-117030,47333,59113
18530.5,-94717,-116969,47274,59049
18532.5,-94816,-117017,47239,59009
18534.5,-94747,-117048,47271,59054
18536.5,-94575,-116986,47302,59119
18538.5,-94498,-116935,47310,59148
18540.5,-94620,-116923,47335,59165
18542.5,-94796,-116844,47328,59151
18544.5,-94803,-116750,47260,59087
18546.5,-94672,-116846,47259,59081
18548.5,-94635,-117096,47372,59178
18550.5,-94768,-117202,47430,59227
18552.5,-94918,-117059,47370,59173
18554.5,-94935,-116847,47330,59144
18556.5,-94793,-116688,47334,59154
18558.5,-94600,-116597,47300,59117
18560.5,-94545,-116663,47296,59116
18562.5,-94661,-116863,47381,59218
18564.5,-94744,-116902,47402,59252
18566.5,-94675,-116653,47291,59125
18568.5,-94597,-116459,47223,59024
18570.5,-94634,-116609,47284,59069
18572.5,-94714,-116845,47345,59144
18574.5,-94753,-116821,47342,59167
18576.5,-94723,-116664,47334,59177
18578.5,-94613,-116634,47329,59175
18580.5,-94516,-116644,47300,59136
18582.5,-94571,-116577,47292,59110
18584.5,-94713,-116606,47351,59145
18586.5,-94743,-116799,47422,59196
18588.5,-94639,-116866,47416,59179
18590.47,-94564,-116683,47344,59100
18592.45,-94628,-116545,47310,59066
18594.43,-94786,-116615,47345,59122
18596.4,-94866,-116642,47370,59189
18598.4,-94737,-116465,47361,59213
18600.4,-94547,-116312,47388,59252
18602.4,-94571,-116360,47439,59307
18604.4,-94780,-116444,47419,59290
18606.4,-94875,-116389,47346,59209
18608.4,-94760,-116276,47316,59162
18610.4,-94622,-116246,47315,59150
18612.4,-94606,-116281,47273,59114
18614.4,-94692,-116295,47225,59093
18616.4,-94777,-116256,47242,59150
18618.4,-94759,-116203,47306,59237
18620.4,-94652,-116187,47341,59264
18622.4,-94598,-116177,47326,59234
18624.4,-94632,-116095,47310,59218
18626.4,-94632,-116002,47342,59264
18628.4,-94535,-116026,47396,59336
18630.4,-94418,-116094,47416,59378
18632.4,-94379,-116023,47412,59388
18634.4,-94456,-115862,47429,59408
18636.4,-94577,-115780,47461,59438
18638.4,-94567,-115733,47480,59458
18640.4,-94382,-115604,47492,59465
18642.4,-94241,-115495,47511,59471
18644.4,-94317,-115554,47543,59495
18646.4,-94483,-115711,47590,59536
18648.4,-94534,-115790,47624,59559
18650.4,-94440,-115727,47612,59542
18652.4,-94303,-115596,47587,59529
18654.4,-94248,-115504,47585,59547
18656.4,-94314,-115427,47575,59557
18658.4,-94366,-115234,47536,59537
18660.4,-94257,-114966,47518,59527
18662.4,-94090,-114861,47558,59559
18664.4,-94073,-114983,47611,59612
18666.4,-94198,-115131,47628,59637
18668.4,-94289,-115175,47629,59626
18670.38,-94254,-115201,47663,59642
18672.35,-94141,-115294,47727,59725
18674.32,-94083,-115407,47757,59794
18676.3,-94184,-115418,47728,59778
18678.3,-94332,-115276,47710,59763
18680.3,-94274,-115103,47733,59821
18682.3,-94019,-115039,47723,59848
18684.3,-93890,-115065,47667,59787
18686.3,-94060,-115103,47661,59761
18688.3,-94319,-115148,47693,59803
18690.3,-94384,-115148,47635,59773
18692.3,-94231,-115027,47515,59672
18694.3,-94064,-114892,47488,59663
18696.3,-94065,-114898,47536,59739
18698.3,-94200,-114960,47523,59750
18700.3,-94291,-114938,47478,59726
18702.3,-94277,-114918,47513,59784
18704.3,-94257,-114987,47559,59847
18706.3,-94290,-115019,47499,59779
18708.3,-94331,-114891,47390,59655
18710.3,-94346,-114684,47341,59606
18712.3,-94324,-114543,47344,59615
18714.3,-94252,-114540,47359,59631
18716.3,-94179,-114654,47396,59674
18718.3,-94185,-114782,47443,59730
18720.3,-94240,-114812,47466,59753
18722.3,-94227,-114736,47473,59745
18724.3,-94131,-114620,47476,59728
18726.3,-94092,-114540,47461,59693
18728.3,-94229,-114550,47442,59654
18730.3,-94445,-114634,47433,59631
18732.3,-94500,-114660,47401,59596
18734.3,-94341,-114554,47333,59521
18736.3,-94224,-114458,47290,59461
18738.3,-94368,-114522,47296,59451
18740.3,-94634,-114626,47284,59436
18742.3,-94742,-114592,47243,59386
18744.3,-94654,-114535,47241,59368
18746.3,-94556,-114679,47282,59399
18748.3,-94589,-114949,47302,59418
18750.28,-94719,-115019,47291,59404
18752.25,-94795,-114759,47279,59378
18754.22,-94722,-114451,47252,59335
18756.2,-94617,-114449,47219,59290
18758.2,-94674,-114727,47219,59291
18760.2,-94858,-114955,47226,59308
18762.2,-94942,-114951,47194,59277
18764.2,-94851,-114809,47149,59226
18766.2,-94743,-114674,47124,59208
18768.2,-94760,-114675,47094,59192
18770.2,-94900,-114913,47059,59151
18772.2,-95062,-115237,47042,59110
18774.2,-95121,-115311,47021,59083
18776.2,-95048,-115109,46981,59061
18778.2,-94987,-114967,46972,59070
18780.2,-95088,-115043,47011,59120
18782.2,-95269,-115138,47038,59154
18784.2,-95317,-115105,47011,59126
18786.2,-95195,-115032,46954,59060
18788.2,-95081,-115006,46912,59020
18790.2,-95137,-115020,46915,59034
18792.2,-95311,-115046,46924,59047
18794.2,-95395,-114983,46869,58996
18796.2,-95290,-114772,46777,58926
18798.2,-95145,-114613,46761,58934
18800.2,-95166,-114742,46834,59012
18802.2,-95336,-115014,46893,59064
18804.2,-95455,-115090,46891,59049
18806.2,-95401,-114937,46870,59010
18808.2,-95257,-114823,46866,58992
18810.2,-95223,-114874,46875,59006
18812.2,-95374,-114905,46860,59013
18814.2,-95522,-114722,46788,58974
18816.2,-95429,-114466,46708,58923
18818.2,-95173,-114444,46710,58927
18820.2,-95061,-114677,46776,58973
18822.2,-95187,-114923,46805,58995
18824.2,-95340,-115031,46786,58992
18826.2,-95340,-114974,46769,58987
18828.2,-95225,-114751,46737,58954
18830.18,-95156,-114558,46680,58892
18832.15,-95245,-114642,46661,58862
18834.13,-95407,-114851,46704,58888
18836.1,-95437,-114854,46747,58925
18838.1,-95316,-114732,46758,58938
18840.1,-95240,-114757,46771,58945
18842.1,-95282,-114848,46790,58962
18844.1,-95332,-114804,46781,58974
18846.1,-95346,-114716,46744,58958
18848.1,-95353,-114699,46708,58918
18850.1,-95315,-114642,46677,58882
18852.1,-95267,-114540,46646,58864
18854.1,-95349,-114601,46644,58871
18856.1,-95514,-114814,46674,58899
18858.1,-95535,-114888,46673,58916
18860.1,-95412,-114732,46614,58888
18862.1,-95369,-114601,46576,58849
18864.1,-95483,-114679,46595,58841
18866.1,-95617,-114824,46594,58834
18868.1,-95631,-114789,46540,58799
18870.1,-95488,-114570,46506,58780
18872.1,-95295,-114454,46528,58805
18874.1,-95269,-114618,46554,58829
18876.1,-95451,-114819,46548,58804
18878.1,-95603,-114745,46507,58745
18880.1,-95543,-114538,46445,58698
18882.1,-95401,-114533,46404,58690
18884.1,-95394,-114684,46404,58698
18886.1,-95545,-114706,46394,58672
18888.1,-95685,-114577,46344,58612
18890.1,-95666,-114484,46305,58568
18892.1,-95553,-114510,46309,58570
18894.1,-95564,-114639,46330,58603
18896.1,-95728,-114833,46352,58642
18898.1,-95819,-114936,46365,58652
18900.1,-95731,-114789,46331,58601
18902.1,-95629,-114528,46258,58527
18904.1,-95639,-114480,46227,58506
18906.1,-95709,-114702,46271,58546
18908.1,-95799,-114929,46316,58576
18910.07,-95873,-114994,46303,58558
18912.05,-95802,-114942,46254,58515
18914.03,-95608,-114826,46204,58468
18916.0,-95582,-114702,46176,58437
18918.0,-95811,-114718,46197,58463
18920.0,-95966,-114888,46249,58540
18922.0,-95871,-114986,46247,58569
18924.0,-95787,-114883,46167,58502
18926.0,-95860,-114757,46101,58428
18928.0,-95916,-114779,46102,58419
18930.0,-95937,-114848,46098,58413
18932.0,-96030,-114823,46070,58386
18934.0,-96030,-114752,46092,58419
18936.0,-95827,-114706,46130,58482
18938.0,-95728,-114638,46057,58426
18940.0,-95889,-114579,45937,58291
18942.0,-95985,-114617,45940,58271
18944.0,-95869,-114646,46015,58347
18946.0,-95815,-114515,45989,58343
18948.0,-95905,-114382,45907,58263
18950.0,-95904,-114449,45917,58247
18952.0,-95806,-114594,45999,58314
18954.0,-95816,-114665,46049,58381
18956.0,-95902,-114733,46057,58406
18958.0,-95882,-114773,46051,58392
18960.0,-95809,-114635,46019,58361
18962.0,-95847,-114443,45963,58342
18964.0,-95943,-114478,45914,58324
18966.0,-95953,-114695,45890,58296
18968.0,-95901,-114811,45877,58283
18970.0,-95913,-114761,45859,58284
18972.0,-96006,-114694,45860,58276
18974.0,-96080,-114663,45898,58274
18976.0,-96010,-114572,45929,58290
18978.0,-95795,-114375,45900,58283
18980.0,-95648,-114192,45851,58244
18982.0,-95767,-114199,45833,58220
18984.0,-96014,-114392,45842,58234
18986.0,-96092,-114586,45868,58265
18988.0,-95986,-114669,45909,58298
18989.97,-95931,-114703,45924,58312
18991.95,-96041,-114730,45890,58288
18993.93,-96199,-114712,45863,58259
18995.9,-96233,-114698,45890,58277
18997.9,-96100,-114762,45935,58327
18999.9,-95965,-114807,45938,58336
19001.9,-96017,-114736,45885,58278
19003.9,-96184,-114675,45833,58214
19005.9,-96236,-114703,45838,58203
19007.9,-96121,-114650,45871,58208
19009.9,-96007,-114473,45858,58176
19011.9,-96032,-114418,45806,58130
19013.9,-96179,-114545,45775,58114
19015.9,-96305,-114597,45777,58126
19017.9,-96278,-114498,45804,58164
19019.9,-96158,-114473,45848,58213
19021.9,-96117,-114597,45864,58212
19023.9,-96193,-114690,45830,58163
19025.9,-96296,-114669,45809,58158
19027.9,-96370,-114642,45819,58198
19029.9,-96360,-114646,45794,58183
19031.9,-96232,-114617,45744,58128
19033.9,-96143,-114585,45740,58132
19035.9,-96250,-114659,45752,58165
19037.9,-96394,-114792,45727,58151
19039.9,-96364,-114819,45702,58129
19041.9,-96285,-114733,45693,58130
19043.9,-96349,-114697,45679,58126
19045.9,-96471,-114750,45695,58136
19047.9,-96498,-114753,45734,58161
19049.9,-96432,-114643,45705,58129
19051.9,-96327,-114545,45650,58079
19053.9,-96271,-114537,45712,58137
19055.9,-96384,-114508,45818,58234
19057.9,-96571,-114394,45807,58228
19059.9,-96564,-114312,45783,58211
19061.9,-96354,-114257,45882,58296
19063.9,-96240,-114042,45958,58349
19065.9,-96365,-113775,45913,58295
19067.9,-96554,-113847,45935,58309
19069.88,-96598,-114165,46083,58431
19071.85,-96468,-114176,46135,58461
19073.82,-96317,-113844,46047,58369
19075.8,-96330,-113711,46022,58343
19077.8,-96482,-113931,46106,58423
19079.8,-96537,-114121,46173,58505
19081.8,-96386,-114070,46195,58557
19083.8,-96208,-113893,46199,58575
19085.8,-96192,-113734,46179,58545
19087.8,-96306,-113686,46213,58560
19089.8,-96392,-113695,46357,58682
19091.8,-96374,-113548,46447,58769
19093.8,-96302,-113288,46381,58740
19095.8,-96267,-113248,46346,58756
19097.8,-96310,-113390,46436,58873
19099.8,-96380,-113325,46445,58885
19101.8,-96364,-113092,46315,58760
19103.8,-96200,-113072,46279,58731
19105.8,-96029,-113209,46367,58816
19107.8,-96087,-113204,46347,58783
19109.8,-96337,-113198,46238,58661
19111.8,-96432,-113395,46259,58681
19113.8,-96209,-113533,46343,58784
19115.8,-95965,-113422,46304,58775
19117.8,-96025,-113350,46242,58725
19119.8,-96303,-113450,46296,58752
19121.8,-96488,-113489,46345,58754
19123.8,-96468,-113495,46294,58677
19125.8,-96393,-113732,46208,58594
19127.8,-96432,-114076,46080,58464
19129.8,-96587,-114218,45902,58261
19131.8,-96706,-114246,45807,58147
19133.8,-96676,-114337,45809,58162
19135.8,-96565,-114370,45732,58118
19137.8,-96538,-114319,45579,58003
19139.8,-96633,-114398,45524,57977
19141.8,-96733,-114573,45531,57997
19143.8,-96741,-114579,45454,57918
19145.8,-96705,-114468,45361,57820
19147.8,-96722,-114538,45375,57820
19149.78,-96806,-114783,45431,57843
19151.75,-96882,-114892,45433,57817
19153.72,-96861,-114744,45409,57797
19155.7,-96738,-114567,45396,57812
19157.7,-96631,-114582,45383,57828
19159.7,-96671,-114680,45380,57856
19161.7,-96825,-114661,45404,57908
19163.7,-96927,-114602,45417,57921
19165.7,-96882,-114660,45383,57855
19167.7,-96777,-114711,45321,57762
19169.7,-96781,-114638,45271,57702
19171.7,-96945,-114642,45256,57682
19173.7,-97096,-114772,45282,57700
19175.7,-97053,-114641,45315,57729
19177.7,-96917,-114178,45305,57711
19179.7,-96948,-113982,45318,57680
19181.7,-97151,-114362,45499,57771
19183.7,-97273,-114771,45831,57971
19185.7,-97195,-114750,46117,58100
19187.7,-97039,-114570,46306,58144
19189.7,-96941,-114546,46552,58293
19191.7,-96893,-114541,46878,58587
19193.7,-96739,-114417,47122,58901
19195.7,-96283,-114207,47269,59287
19197.7,-95540,-113820,47460,59915
19199.7,-94815,-113188,47667,60692
19201.7,-94384,-112541,47677,61342
19203.7,-94165,-112035,47408,61792
19205.7,-93902,-111472,46961,62164
19207.7,-93552,-110743,46384,62455
19209.7,-93353,-110172,45636,62504
19211.7,-93528,-110186,44747,62188
19213.7,-94062,-110865,43807,61438
19215.7,-94769,-111896,42841,60216
19217.7,-95477,-112851,41851,58677
19219.7,-96106,-113548,40939,57202
19221.7,-96660,-114074,40278,56113
19223.7,-97140,-114479,39993,55481
19225.7,-97442,-114702,40094,55240
19227.6,-97446,-114807,40478,55291
19229.6,-97241,-114951,40990,55479
19231.6,-97084,-115128,41545,55696
19233.6,-97098,-115188,42167,55969
19235.6,-97161,-115093,42839,56329
19237.6,-97132,-114955,43453,56691
19239.6,-97017,-114870,43930,56972
19241.6,-96930,-114842,44298,57188
19243.6,-96995,-114849,44586,57357
19245.6,-97197,-114899,44779,57452
19247.6,-97311,-114957,44885,57487
19249.6,-97171,-114917,44949,57502
19251.6,-96964,-114757,44982,57487
19253.6,-96982,-114628,44989,57452
19255.6,-97179,-114674,45021,57482
19257.6,-97274,-114807,45095,57593
19259.6,-97174,-114814,45142,57654
19261.6,-97018,-114658,45126,57605
19263.6,-96966,-114547,45122,57574
19265.6,-97062,-114626,45179,57640
19267.6,-97184,-114751,45232,57694
19269.6,-97162,-114730,45208,57645
19271.6,-97030,-114616,45152,57571
19273.6,-97000,-114569,45151,57575
19275.6,-97111,-114588,45205,57633
19277.6,-97174,-114564,45240,57668
19279.6,-97071,-114451,45231,57675
19281.6,-96911,-114300,45216,57681
19283.6,-96878,-114234,45214,57670
19285.6,-97030,-114355,45221,57638
19287.6,-97214,-114605,45256,57647
19289.6,-97217,-114767,45316,57706
19291.6,-97042,-114702,45324,57720
19293.6,-96915,-114531,45252,57654
19295.6,-96981,-114493,45209,57631
19297.6,-97133,-114628,45277,57731
19299.6,-97180,-114737,45363,57839
19301.6,-97071,-114696,45359,57835
19303.6,-96937,-114610,45309,57777
19305.6,-96935,-114589,45317,57775
19307.5,-97056,-114595,45370,57818
19309.5,-97132,-114582,45401,57841
19311.5,-97069,-114556,45408,57841
19313.5,-96968,-114493,45414,57844
19315.5,-96963,-114381,45401,57840
19317.5,-97045,-114336,45376,57818
19319.5,-97099,-114453,45396,57820
19321.5,-97041,-114599,45454,57858
19323.5,-96915,-114567,45459,57865
19325.5,-96883,-114410,45393,57807
19327.5,-97043,-114377,45348,57754
19329.5,-97236,-114510,45365,57760
19331.5,-97215,-114589,45392,57791
19333.5,-97011,-114493,45405,57814
19335.5,-96888,-114353,45430,57843
19337.5,-96968,-114314,45461,57885
19339.5,-97096,-114332,45484,57929
19341.5,-97097,-114283,45498,57954
19343.5,-96987,-114195,45486,57935
19345.5,-96912,-114203,45450,57892
19347.5,-96967,-114263,45432,57872
19349.5,-97095,-114170,45418,57853
19351.5,-97156,-113953,45372,57804
19353.5,-97084,-113892,45357,57797
19355.5,-96952,-114031,45425,57887
19357.5,-96899,-114143,45498,57987
19359.5,-96957,-114155,45520,58033
19361.5,-96995,-114177,45563,58089
19363.5,-96908,-114211,45641,58170
19365.5,-96806,-114206,45665,58192
19367.5,-96827,-114201,45626,58150
19369.5,-96928,-114218,45607,58123
19371.5,-97006,-114190,45615,58123
19373.5,-97031,-114061,45598,58107
19375.5,-96976,-113861,45566,58094
19377.5,-96865,-113751,45581,58137
19379.5,-96861,-113893,45652,58231
19381.5,-97015,-114161,45716,58306
19383.5,-97103,-114229,45722,58316
19385.5,-96975,-114041,45704,58294
19387.4,-96798,-113843,45709,58282
19389.4,-96776,-113765,45724,58270
19391.4,-96880,-113762,45739,58271
19393.4,-96945,-113837,45798,58338
19395.4,-96841,-113966,45890,58440
19397.4,-96614,-113981,45926,58478
19399.4,-96503,-113845,45902,58465
19401.4,-96626,-113753,45907,58496
19403.4,-96749,-113776,45947,58559
19405.4,-96653,-113737,45943,58569
19407.4,-96510,-113598,45910,58545
19409.4,-96530,-113539,45936,58566
19411.4,-96605,-113594,46010,58627
19413.4,-96617,-113626,46040,58663
19415.4,-96616,-113600,46020,58674
19417.4,-96534,-113486,46012,58691
19419.4,-96335,-113207,46017,58702
19421.4,-96314,-112933,45987,58680
19423.4,-96566,-112937,45948,58659
19425.4,-96647,-113114,45962,58681
19427.4,-96412,-113224,46006,58728
19429.4,-96316,-113336,46025,58760
19431.4,-96453,-113515,46031,58789
19433.4,-96442,-113578,46044,58822
19435.4,-96366,-113502,46022,58820
19437.4,-96520,-113463,45958,58783
19439.4,-96610,-113420,45922,58774
19441.4,-96390,-113284,45943,58814
19443.4,-96296,-113239,45969,58843
19445.4,-96541,-113381,45972,58833
19447.4,-96682,-113492,45972,58819
19449.4,-96560,-113462,45961,58807
19451.4,-96499,-113430,45927,58771
19453.4,-96528,-113437,45897,58728
19455.4,-96449,-113404,45888,58713
19457.4,-96394,-113366,45883,58727
19459.4,-96549,-113391,45891,58758
19461.4,-96713,-113440,45931,58798
19463.4,-96668,-113441,45959,58809
19465.4,-96587,-113379,45925,58762
19467.3,-96685,-113304,45861,58692
19469.3,-96831,-113314,45841,58659
19471.3,-96810,-113422,45883,58672
19473.3,-96729,-113515,45937,58693
19475.3,-96806,-113522,45958,58692
19477.3,-96976,-113523,45945,58668
19479.3,-97037,-113561,45922,58636
19481.3,-96979,-113560,45903,58608
19483.3,-96909,-113507,45893,58591
19485.3,-96879,-113545,45907,58591
19487.3,-96953,-113737,45936,58595
19489.3,-97154,-113920,45926,58569
19491.3,-97319,-113936,45843,58491
19493.3,-97285,-113838,45742,58396
19495.3,-97151,-113748,45715,58360
19497.3,-97133,-113686,45772,58405
19499.3,-97257,-113664,45833,58468
19501.3,-97373,-113718,45830,58475
19503.3,-97372,-113799,45793,58431
19505.3,-97310,-113818,45782,58397
19507.3,-97330,-113812,45789,58386
19509.3,-97460,-113857,45764,58357
19511.3,-97547,-113904,45721,58306
19513.3,-97460,-113853,45705,58281
19515.3,-97314,-113765,45711,58289
19517.3,-97324,-113821,45725,58304
19519.3,-97491,-114040,45766,58327
19521.3,-97594,-114184,45823,58355
19523.3,-97518,-114078,45825,58343
19525.3,-97409,-113903,45761,58271
19527.3,-97442,-113927,45717,58209
19529.3,-97593,-114101,45746,58220
19531.3,-97725,-114177,45794,58261
19533.3,-97769,-114084,45784,58249
19535.3,-97735,-113960,45730,58194
19537.3,-97677,-113943,45704,58178
19539.3,-97678,-114081,45720,58210
19541.3,-97767,-114306,45741,58237
19543.3,-97851,-114445,45751,58254
19545.3,-97814,-114347,45745,58267
19547.2,-97672,-114075,45698,58235
19549.2,-97573,-113885,45660,58177
19551.2,-97634,-113944,45698,58187
19553.2,-97785,-114087,45753,58244
19555.2,-97822,-114067,45735,58247
19557.2,-97702,-113972,45692,58204
19559.2,-97619,-114031,45685,58181
19561.2,-97701,-114179,45678,58177
19563.2,-97808,-114217,45688,58209
19565.2,-97778,-114196,45746,58284
19567.2,-97667,-114200,45740,58277
19569.2,-97650,-114153,45615,58151
19571.2,-97782,-114127,45561,58107
19573.2,-97937,-114293,45673,58237
19575.2,-97934,-114470,45750,58328
19577.2,-97767,-114357,45678,58261
19579.2,-97646,-114140,45601,58192
19581.2,-97738,-114166,45602,58208
19583.2,-97938,-114317,45589,58203
19585.2,-98006,-114312,45538,58141
19587.2,-97870,-114239,45515,58103
19589.2,-97717,-114287,45505,58097
19591.2,-97758,-114400,45460,58064
19593.2,-97946,-114473,45422,58025
19595.2,-98036,-114492,45443,58032
19597.2,-97933,-114396,45473,58057
19599.2,-97785,-114179,45455,58046
19601.2,-97745,-114048,45434,58025
19603.2,-97820,-114167,45465,58049
19605.2,-97922,-114384,45498,58095
19607.2,-97929,-114469,45473,58100
19609.2,-97820,-114439,45430,58077
19611.2,-97765,-114441,45422,58073
19613.2,-97887,-114483,45422,58079
19615.2,-98039,-114482,45397,58058
19617.2,-98033,-114446,45373,58019
19619.18,-97917,-114425,45367,57993
19621.15,-97845,-114382,45350,57982
19623.13,-97897,-114312,45321,57975
19625.1,-98062,-114345,45328,57994
19627.1,-98178,-114516,45387,58049
19629.1,-98056,-114581,45421,58076
19631.1,-97819,-114344,45341,57989
19633.1,-97810,-114048,45198,57840
19635.1,-98060,-114085,45152,57787
19637.1,-98233,-114384,45233,57865
19639.1,-98142,-114535,45299,57939
19641.1,-97969,-114483,45281,57936
19643.1,-97966,-114560,45275,57935
19645.1,-98154,-114769,45317,57965
19647.1,-98306,-114727,45304,57930
19649.1,-98221,-114453,45215,57830
19651.1,-98024,-114427,45177,57800
19653.1,-98001,-114678,45221,57871
19655.1,-98162,-114711,45226,57909
19657.1,-98269,-114455,45162,57874
19659.1,-98225,-114375,45145,57871
19661.1,-98127,-114576,45203,57932
19663.1,-98087,-114719,45228,57952
19665.1,-98184,-114732,45181,57895
19667.1,-98382,-114791,45138,57848
19669.1,-98469,-114851,45136,57859
19671.1,-98341,-114827,45147,57879
19673.1,-98212,-114865,45158,57878
19675.1,-98271,-114992,45173,57869
19677.1,-98414,-114954,45164,57852
19679.1,-98473,-114702,45125,57820
19681.1,-98417,-114537,45095,57806
19683.1,-98257,-114615,45108,57828
19685.1,-98082,-114750,45155,57869
19687.1,-98102,-114799,45215,57915
19689.1,-98345,-114827,45246,57944
19691.1,-98519,-114873,45211,57904
19693.1,-98440,-114900,45137,57801
19695.1,-98302,-114942,45103,57739
19697.1,-98317,-115036,45130,57783
19699.07,-98390,-115082,45173,57867
19701.05,-98358,-114976,45194,57906
19703.03,-98268,-114760,45162,57876
19705.0,-98272,-114577,45069,57789
19707.0,-98404,-114576,44989,57713
19709.0,-98529,-114779,45005,57717
19711.0,-98469,-114975,45063,57757
19713.0,-98252,-114966,45076,57755
19715.0,-98138,-114873,45082,57756
19717.0,-98267,-114892,45123,57821
19719.0,-98455,-114941,45122,57856
19721.0,-98477,-114869,45039,57786
19723.0,-98341,-114768,44975,57719
19725.0,-98205,-114809,45001,57749
19727.0,-98215,-114959,45053,57799
19729.0,-98388,-115023,45056,57786
19731.0,-98538,-114875,45022,57751
19733.0,-98492,-114668,45000,57750
19735.0,-98351,-114685,45012,57766
19737.0,-98313,-114886,45040,57777
19739.0,-98383,-114953,45070,57807
19741.0,-98452,-114822,45110,57868
19743.0,-98471,-114706,45179,57941
19745.0,-98445,-114620,45284,58021
19747.0,-98429,-114453,45394,58098
19749.0,-98507,-114362,45459,58136
19751.0,-98650,-114523,45491,58147
19753.0,-98691,-114698,45524,58172
19755.0,-98560,-114572,45511,58160
19757.0,-98411,-114282,45415,58065
19759.0,-98446,-114215,45361,58006
19761.0,-98635,-114421,45444,58075
19763.0,-98712,-114595,45543,58154
19765.0,-98526,-114552,45552,58162
19767.0,-98292,-114417,45557,58199
19769.0,-98294,-114318,45617,58287
19771.0,-98493,-114226,45668,58332
19773.0,-98611,-114129,45712,58366
19775.0,-98514,-114055,45775,58454
19777.0,-98319,-113950,45782,58507
19778.97,-98233,-113825,45726,58491
19780.95,-98326,-113830,45726,58517
19782.93,-98445,-113906,45753,58564
19784.9,-98408,-113813,45679,58500
19786.9,-98296,-113678,45575,58397
19788.9,-98316,-113865,45602,58409
19790.9,-98457,-114231,45697,58468
19792.9,-98543,-114310,45705,58441
19794.9,-98509,-114126,45643,58370
19796.9,-98420,-114028,45600,58337
19798.9,-98375,-114023,45577,58329
19800.9,-98480,-113999,45564,58330
19802.9,-98704,-114116,45578,58353
19804.9,-98813,-114397,45590,58366
19806.9,-98707,-114550,45531,58315
19808.9,-98603,-114568,45391,58187
19810.9,-98676,-114775,45237,58020
19812.9,-98805,-115154,45144,57883
19814.9,-98827,-115359,45124,57833
19816.9,-98743,-115362,45133,57853
19818.9,-98628,-115382,45116,57859
19820.9,-98590,-115390,45039,57790
19822.9,-98699,-115289,44918,57673
19824.9,-98829,-115257,44831,57591
19826.9,-98801,-115422,44831,57583
19828.9,-98694,-115607,44871,57602
19830.9,-98731,-115670,44887,57598
19832.9,-98905,-115654,44869,57577
19834.9,-99023,-115589,44835,57562
19836.9,-98997,-115523,44829,57585
19838.9,-98884,-115569,44883,57663
19840.9,-98796,-115636,44927,57729
19842.9,-98833,-115537,44884,57708
19844.9,-98961,-115452,44840,57665
19846.9,-99004,-115649,44887,57682
19848.9,-98887,-115852,44907,57669
19850.9,-98771,-115687,44790,57543
19852.9,-98837,-115452,44670,57421
19854.9,-99016,-115564,44678,57425
19856.9,-99077,-115725,44751,57502
19858.88,-98971,-115554,44825,57583
19860.85,-98923,-115379,44940,57676
19862.82,-99083,-115588,45098,57758
19864.8,-99298,-115895,45242,57782
19866.8,-99387,-115925,45392,57782
19868.8,-99367,-115805,45614,57831
19870.8,-99285,-115752,45910,57971
19872.8,-99133,-115716,46229,58223
19874.8,-98953,-115685,46554,58576
19876.8,-98731,-115703,46894,59014
19878.8,-98316,-115559,47214,59577
19880.8,-97698,-115018,47445,60281
19882.8,-97110,-114298,47564,61017
19884.8,-96688,-113779,47561,61646
19886.8,-96362,-113378,47353,62134
19888.8,-96086,-112726,46869,62498
19890.8,-95901,-111874,46186,62701
19892.8,-95861,-111348,45430,62656
19894.8,-96112,-111553,44575,62216
19896.8,-96751,-112440,43540,61206
19898.8,-97547,-113627,42391,59654
19900.8,-98175,-114643,41311,57943
19902.8,-98680,-115243,40433,56544
19904.8,-99292,-115577,39857,55655
19906.8,-99888,-115875,39692,55223
19908.8,-100103,-116087,39918,55137
19910.8,-99883,-116108,40324,55252
19912.8,-99528,-116106,40725,55406
19914.8,-99330,-116257,41163,55576
19916.8,-99356,-116420,41731,55859
19918.8,-99458,-116403,42362,56247
19920.8,-99418,-116286,42927,56604
19922.8,-99211,-116227,43392,56862
19924.8,-99054,-116217,43756,57053
19926.8,-99095,-116208,43994,57182
19928.8,-99229,-116217,44146,57253
19930.8,-99284,-116247,44301,57325
19932.8,-99191,-116275,44456,57418
19934.8,-99054,-116303,44558,57493
19936.8,-99083,-116295,44617,57547
19938.78,-99261,-116192,44658,57609
19940.75,-99263,-116045,44665,57651
19942.72,-99053,-115961,44652,57649
19944.7,-99024,-115911,44662,57631
19946.7,-99214,-115839,44677,57611
19948.7,-99235,-115870,44670,57583
19950.7,-99138,-116097,44690,57585
19952.7,-99258,-116277,44749,57613
19954.7,-99367,-116143,44776,57603
19956.7,-99151,-115910,44769,57580
19958.7,-98987,-115935,44807,57642
19960.7,-99185,-116104,44886,57755
19962.7,-99333,-116110,44926,57800
19964.7,-99159,-116021,44926,57779
19966.7,-99003,-116033,44915,57747
19968.7,-99047,-116083,44866,57672
19970.7,-99095,-116135,44808,57577
19972.7,-99130,-116301,44836,57570
19974.7,-99248,-116429,44901,57628
19976.7,-99300,-116225,44855,57607
19978.7,-99191,-115883,44765,57554
19980.7,-99122,-115867,44832,57654
19982.7,-99196,-116150,45005,57857
19984.7,-99241,-116323,45059,57939
19986.7,-99189,-116267,44997,57881
19988.7,-99175,-116172,44967,57825
19990.7,-99251,-116139,44950,57772
19992.7,-99332,-116150,44888,57688
19994.7,-99369,-116207,44894,57690
19996.7,-99348,-116263,45002,57810
19998.7,-99266,-116232,45033,57863
20000.7,-99232,-116165,44956,57810
20002.7,-99341,-116190,44958,57836
20004.7,-99473,-116253,45040,57927
20006.7,-99455,-116198,45022,57891
20008.7,-99319,-116102,44954,57785
20010.7,-99201,-116204,45010,57815
20012.7,-99166,-116475,45120,57917
20014.7,-99229,-116601,45120,57913
20016.7,-99316,-116448,45067,57857
20018.68,-99277,-116206,45072,57873
20020.65,-99127,-116068,45110,57935
20022.63,-99095,-116048,45137,57987
20024.6,-99259,-116082,45162,58037
20026.6,-99383,-116125,45183,58076
20028.6,-99277,-116134,45208,58104
20030.6,-99087,-116070,45250,58138
20032.6,-99079,-115961,45262,58137
20034.6,-99258,-115949,45230,58091
20036.6,-99361,-116112,45230,58090
20038.6,-99226,-116267,45268,58153
20040.6,-99018,-116194,45265,58180
20042.6,-98979,-116024,45229,58158
20044.6,-99102,-116027,45242,58182
20046.6,-99202,-116161,45298,58268
20048.6,-99178,-116182,45346,58356
20050.6,-99079,-116051,45364,58402
20052.6,-98997,-115915,45336,58384
20054.6,-98996,-115850,45278,58325
20056.6,-99064,-115822,45264,58313
20058.6,-99121,-115798,45301,58365
20060.6,-99085,-115801,45305,58394
20062.6,-98963,-115846,45288,58394
20064.6,-98863,-115894,45352,58455
20066.6,-98899,-115939,45463,58555
20068.6,-99031,-116045,45485,58564
20070.6,-99091,-116151,45432,58491
20072.6,-99001,-116081,45438,58481
20074.6,-98895,-115892,45506,58560
20076.6,-98921,-115821,45538,58629
20078.6,-99015,-115845,45549,58671
20080.6,-98989,-115768,45611,58750
20082.6,-98806,-115653,45680,58836
20084.6,-98659,-115674,45681,58843
20086.6,-98713,-115757,45649,58787
20088.6,-98849,-115774,45630,58738
20090.6,-98829,-115765,45608,58722
20092.6,-98628,-115734,45610,58764
20094.6,-98456,-115613,45682,58874
20096.6,-98464,-115532,45757,58970
20098.57,-98600,-115671,45768,58995
20100.55,-98694,-115840,45770,59014
20102.53,-98621,-115717,45798,59069
20104.5,-98461,-115445,45805,59113
20106.5,-98440,-115447,45818,59154
20108.5,-98622,-115693,45876,59214
20110.5,-98794,-115789,45887,59206
20112.5,-98768,-115685,45806,59099
20114.5,-98622,-115626,45750,59025
20116.5,-98541,-115616,45763,59039
20118.5,-98581,-115533,45758,59058
20120.5,-98666,-115481,45751,59089
20122.5,-98678,-115547,45826,59187
20124.5,-98591,-115580,45886,59247
20126.5,-98533,-115484,45804,59160
20128.5,-98611,-115373,45684,59051
20130.5,-98736,-115352,45680,59062
20132.5,-98749,-115402,45731,59115
20134.5,-98624,-115430,45728,59106
20136.5,-98490,-115411,45729,59120
20138.5,-98505,-115454,45807,59227
20140.5,-98687,-115601,45873,59315
20142.5,-98834,-115654,45840,59285
20144.5,-98775,-115501,45772,59224
20146.5,-98655,-115367,45747,59206
20148.5,-98721,-115410,45735,59163
20150.5,-98922,-115503,45721,59085
20152.5,-99017,-115554,45754,59069
20154.5,-98948,-115568,45805,59100
20156.5,-98843,-115464,45795,59070
20158.5,-98822,-115316,45779,59022
20160.5,-98939,-115424,45842,59065
20162.5,-99113,-115746,45908,59125
20164.5,-99150,-115862,45874,59082
20166.5,-99023,-115724,45802,58997
20168.5,-98987,-115718,45780,58955
20170.5,-99172,-115903,45787,58925
20172.5,-99337,-115979,45792,58896
20174.5,-99266,-115931,45812,58903
20176.5,-99123,-115986,45817,58902
20178.47,-99153,-116115,45776,58848
20180.45,-99307,-116123,45737,58817
20182.43,-99415,-116020,45734,58845
20184.4,-99466,-115924,45722,58847
20186.4,-99514,-115874,45692,58813
20188.4,-99542,-115935,45711,58825
20190.4,-99579,-116137,45760,58844
20192.4,-99714,-116311,45719,58749
20194.4,-99872,-116326,45606,58608
20196.4,-99844,-116322,45594,58614
20198.4,-99651,-116368,45698,58735
20200.4,-99584,-116301,45708,58734
20202.4,-99756,-116155,45578,58586
20204.4,-99930,-116195,45528,58519
20206.4,-99903,-116394,45630,58598
20208.4,-99757,-116474,45695,58647
20210.4,-99669,-116431,45650,58607
20212.4,-99723,-116431,45611,58580
20214.4,-99872,-116441,45596,58574
20216.4,-99933,-116380,45557,58548
20218.4,-99791,-116336,45551,58561
20220.4,-99658,-116374,45593,58628
20222.4,-99797,-116457,45599,58658
20224.4,-100038,-116560,45580,58659
20226.4,-100023,-116612,45601,58699
20228.4,-99804,-116540,45607,58727
20230.4,-99721,-116481,45582,58703
20232.4,-99863,-116608,45611,58685
20234.4,-100052,-116775,45647,58663
20236.4,-100135,-116720,45587,58585
20238.4,-100060,-116516,45528,58539
20240.4,-99888,-116437,45571,58595
20242.4,-99804,-116512,45619,58659
20244.4,-99883,-116542,45619,58687
20246.4,-99942,-116438,45652,58736
20248.4,-99839,-116273,45675,58756
20250.4,-99728,-116144,45598,58689
20252.4,-99800,-116140,45514,58628
20254.4,-99977,-116317,45517,58629
20256.4,-100054,-116534,45545,58621
20258.38,-99959,-116547,45566,58623
20260.35,-99777,-116354,45609,58697
20262.32,-99672,-116230,45617,58748
20264.3,-99779,-116342,45565,58705
20266.3,-100020,-116556,45549,58676
20268.3,-100120,-116645,45581,58707
20270.3,-99955,-116525,45556,58692
20272.3,-99757,-116341,45488,58624
20274.3,-99801,-116330,45466,58589
20276.3,-100009,-116491,45452,58557
20278.3,-100076,-116542,45391,58477
20280.3,-99898,-116388,45372,58441
20282.3,-99696,-116292,45433,58505
20284.3,-99722,-116422,45452,58551
20286.3,-99958,-116617,45390,58515
20288.3,-100146,-116703,45349,58491
20290.3,-100092,-116683,45341,58505
20292.3,-99905,-116628,45312,58487
20294.3,-99865,-116630,45319,58469
20296.3,-100050,-116697,45396,58514
20298.3,-100235,-116705,45394,58521
20300.3,-100210,-116641,45270,58430
20302.3,-100074,-116705,45218,58397
20304.3,-100055,-116934,45303,58496
20306.3,-100173,-117111,45345,58554
20308.3,-100264,-117155,45288,58495
20310.3,-100238,-117157,45273,58459
20312.3,-100153,-117093,45311,58482
20314.3,-100108,-116921,45298,58462
20316.3,-100178,-116808,45275,58449
20318.3,-100328,-116876,45341,58555
20320.3,-100386,-116953,45447,58685
20322.3,-100255,-116850,45494,58696
20324.3,-100088,-116682,45500,58655
20326.3,-100091,-116649,45535,58692
20328.3,-100247,-116725,45601,58779
20330.3,-100376,-116764,45644,58814
20332.3,-100357,-116741,45639,58800
20334.3,-100221,-116654,45631,58796
20336.3,-100126,-116479,45656,58811
20338.28,-100222,-116371,45682,58821
20340.25,-100430,-116482,45684,58834
20342.22,-100481,-116602,45690,58870
20344.2,-100282,-116481,45722,58926
20346.2,-100083,-116292,45775,59001
20348.2,-100112,-116207,45839,59072
20350.2,-100252,-116005,45877,59082
20352.2,-100262,-115662,45877,59055
20354.2,-100144,-115593,45913,59109
20356.2,-100093,-115876,46022,59237
20358.2,-100219,-116075,46098,59294
20360.2,-100401,-115987,46062,59250
20362.2,-100428,-115828,45994,59235
20364.2,-100253,-115745,45982,59284
20366.2,-100058,-115739,45998,59321
20368.2,-100016,-115804,45994,59319
20370.2,-100086,-115854,45968,59295
20372.2,-100118,-115802,45925,59253
20374.2,-100042,-115779,45897,59222
20376.2,-99937,-115917,45908,59226
20378.2,-99954,-116065,45905,59208
20380.2,-100115,-116034,45846,59143
20382.2,-100261,-115934,45800,59108
20384.2,-100295,-115972,45815,59121
20386.2,-100319,-116130,45801,59083
20388.2,-100385,-116287,45675,58949
20390.2,-100406,-116517,45504,58795
20392.2,-100401,-116930,45390,58687
20394.2,-100465,-117311,45325,58614
20396.2,-100533,-117322,45241,58536
20398.2,-100522,-117104,45144,58470
20400.2,-100537,-117144,45118,58486
20402.2,-100627,-117452,45157,58564
20404.2,-100634,-117486,45123,58549
20406.2,-100511,-117118,44986,58401
20408.2,-100461,-116955,44915,58310
20410.2,-100590,-117326,44976,58354
20412.2,-100767,-117724,45001,58354
20414.2,-100826,-117711,44921,58241
20416.2,-100715,-117596,44891,58197
20418.18,-100513,-117720,44971,58286
20420.15,-100413,-117858,45019,58356
20422.13,-100522,-117802,44980,58349
20424.1,-100677,-117764,44956,58371
20426.1,-100673,-117855,44997,58446
20428.1,-100578,-117883,45029,58484
20430.1,-100582,-117834,44987,58428
20432.1,-100692,-117892,44897,58306
20434.1,-100774,-118007,44842,58208
20436.1,-100740,-117980,44862,58194
20438.1,-100613,-117829,44903,58227
20440.1,-100555,-117715,44910,58248
20442.1,-100718,-117713,44941,58281
20444.1,-100963,-117797,45063,58343
20446.1,-101029,-117887,45218,58375
20448.1,-100999,-117918,45346,58368
20450.1,-101091,-117889,45533,58420
20452.1,-101140,-117800,45845,58573
20454.1,-100938,-117668,46180,58778
20456.1,-100732,-117636,46460,59053
20458.1,-100674,-117750,46784,59485
20460.1,-100407,-117729,47192,60077
20462.1,-99806,-117328,47538,60768
20464.1,-99297,-116721,47743,61524
20466.1,-99026,-116168,47856,62266
20468.1,-98654,-115663,47818,62857
20470.1,-98146,-115121,47522,63319
20472.1,-97847,-114547,47048,63792
20474.1,-97831,-113978,46482,64155
20476.1,-97954,-113621,45691,64004
20478.1,-98300,-113859,44593,63116
20480.1,-98959,-114746,43373,61641
20482.1,-99684,-115784,42209,59876
20484.1,-100246,-116503,41132,58152
20486.1,-100761,-116959,40255,56828
20488.1,-101306,-117387,39802,56090
20490.1,-101618,-117749,39872,55870
20492.1,-101526,-117914,40333,56004
20494.1,-101276,-117988,40905,56280
20496.1,-101136,-118135,41331,56463
20498.07,-101051,-118293,41648,56544
20500.05,-100912,-118333,42107,56744
20502.03,-100779,-118312,42739,57112
20504.0,-100706,-118347,43290,57435
20506.0,-100689,-118415,43660,57638
20508.0,-100737,-118436,43990,57850
20510.0,-100805,-118394,44299,58065
20512.0,-100791,-118314,44474,58165
20514.0,-100694,-118252,44552,58184
20516.0,-100627,-118257,44650,58226
20518.0,-100667,-118276,44742,58260
20520.0,-100783,-118230,44765,58254
20522.0,-100857,-118164,44781,58280
20524.0,-100785,-118150,44849,58359
20526.0,-100645,-118161,44916,58412
20528.0,-100641,-118182,44925,58405
20530.0,-100814,-118272,44908,58384
20532.0,-100973,-118382,44903,58368
20534.0,-100978,-118377,44893,58330
20536.0,-100899,-118273,44868,58277
20538.0,-100875,-118200,44857,58253
20540.0,-100948,-118166,44882,58276
20542.0,-101033,-118105,44919,58318
20544.0,-100994,-118066,44927,58338
20546.0,-100819,-118097,44903,58332
20548.0,-100680,-118122,44900,58349
20550.0,-100738,-118140,44974,58438
20552.0,-100925,-118283,45075,58542
20554.0,-101011,-118493,45070,58524
20556.0,-100896,-118508,44965,58408
20558.0,-100762,-118321,44936,58396
20560.0,-100815,-118249,45036,58542
20562.0,-100986,-118415,45111,58660
20564.0,-101038,-118550,45104,58665
20566.0,-100927,-118438,45125,58661
20568.0,-100815,-118227,45166,58650
20570.0,-100809,-118185,45105,58542
20572.0,-100904,-118345,44984,58413
20574.0,-101051,-118480,44938,58383
20576.0,-101107,-118396,44956,58402
20577.97,-100945,-118196,44976,58411
20579.95,-100709,-118139,45029,58472
20581.93,-100668,-118249,45127,58591
20583.9,-100788,-118322,45209,58673
20585.9,-100834,-118309,45243,58689
20587.9,-100773,-118300,45241,58677
20589.9,-100732,-118242,45208,58639
20591.9,-100751,-118120,45173,58588
20593.9,-100811,-118155,45196,58600
20595.9,-100869,-118340,45281,58698
20597.9,-100817,-118280,45341,58787
20599.9,-100679,-117935,45319,58786
20601.9,-100685,-117785,45280,58757
20603.9,-100854,-117959,45311,58805
20605.9,-100880,-118048,45379,58904
20607.9,-100667,-117940,45390,58944
20609.9,-100526,-117921,45355,58907
20611.9,-100647,-117995,45340,58853
20613.9,-100849,-117966,45339,58800
20615.9,-100914,-117946,45349,58796
20617.9,-100813,-118101,45428,58920
20619.9,-100640,-118224,45543,59109
20621.9,-100556,-118111,45567,59186
20623.9,-100662,-117956,45504,59138
20625.9,-100816,-117992,45477,59103
20627.9,-100814,-118108,45495,59098
20629.9,-100704,-118109,45486,59056
20631.9,-100644,-118045,45474,59020
20633.9,-100636,-118052,45509,59043
20635.9,-100622,-118107,45561,59081
20637.9,-100610,-118122,45599,59104
20639.9,-100559,-118102,45622,59128
20641.9,-100443,-118100,45610,59126
20643.9,-100426,-118123,45577,59107
20645.9,-100608,-118137,45583,59131
20647.9,-100751,-118092,45617,59184
20649.9,-100617,-117990,45616,59194
20651.9,-100392,-117924,45599,59192
20653.9,-100400,-117931,45628,59250
20655.9,-100605,-117897,45685,59335
20657.88,-100694,-117750,45716,59379
20659.85,-100527,-117617,45724,59398
20661.82,-100280,-117626,45747,59438
20663.8,-100217,-117726,45781,59491
20665.8,-100383,-117813,45796,59528
20667.8,-100538,-117861,45792,59558
20669.8,-100439,-117842,45792,59602
20671.8,-100182,-117718,45781,59619
20673.8,-100076,-117570,45744,59572
20675.8,-100217,-117557,45741,59537
20677.8,-100374,-117681,45824,59612
20679.8,-100342,-117731,45924,59740
20681.8,-100205,-117598,45946,59785
20683.8,-100169,-117480,45908,59743
20685.8,-100251,-117570,45882,59712
20687.8,-100287,-117698,45877,59735
20689.8,-100211,-117634,45860,59767
20691.8,-100148,-117495,45820,59767
20693.8,-100196,-117504,45793,59750
20695.8,-100294,-117602,45805,59753
20697.8,-100347,-117645,45834,59782
20699.8,-100316,-117622,45842,59822
20701.8,-100187,-117478,45841,59869
20703.8,-100011,-117199,45845,59910
20705.8,-99930,-117083,45872,59950
20707.8,-100024,-117380,45965,60040
20709.8,-100203,-117755,46079,60143
20711.8,-100288,-117720,46066,60116
20713.8,-100202,-117395,45929,59973
20715.8,-100067,-117264,45866,59906
20717.8,-100091,-117382,45905,59922
20719.8,-100265,-117450,45880,59867
20721.8,-100342,-117456,45824,59813
20723.8,-100228,-117605,45913,59933
20725.8,-100154,-117805,46060,60096
20727.8,-100301,-117815,46062,60080
20729.8,-100523,-117744,45970,59955
20731.8,-100600,-117842,45933,59883
20733.8,-100528,-117990,45931,59840
20735.8,-100474,-117950,45914,59789
20737.78,-100570,-117839,45916,59787
20739.75,-100755,-117886,45938,59822
20741.72,-100825,-117983,45946,59829
20743.7,-100708,-117937,45948,59795
20745.7,-100606,-117836,45934,59721
20747.7,-100697,-117843,45875,59606
20749.7,-100880,-117937,45821,59508
20751.7,-100952,-118065,45853,59495
20753.7,-100886,-118202,45935,59541
20755.7,-100802,-118195,45951,59559
20757.7,-100827,-117985,45892,59521
20759.7,-100988,-117868,45856,59487
20761.7,-101135,-118050,45885,59502
20763.7,-101102,-118242,45918,59527
20765.7,-100972,-118193,45916,59506
20767.7,-100992,-118163,45914,59453
20769.7,-101195,-118349,45916,59401
20771.7,-101357,-118482,45894,59350
20773.7,-101335,-118398,45863,59314
20775.7,-101207,-118324,45852,59324
20777.7,-101124,-118345,45859,59379
20779.7,-101174,-118309,45882,59454
20781.7,-101341,-118294,45917,59514
20783.7,-101470,-118439,45925,59520
20785.7,-101415,-118528,45889,59471
20787.7,-101265,-118399,45853,59410
20789.7,-101258,-118328,45846,59356
20791.7,-101409,-118431,45852,59313
20793.7,-101461,-118373,45855,59297
20795.7,-101288,-118106,45844,59303
20797.7,-101098,-118054,45840,59326
20799.7,-101110,-118286,45895,59408
20801.7,-101277,-118409,45978,59526
20803.7,-101396,-118329,45989,59564
20805.7,-101357,-118281,45932,59503
20807.7,-101227,-118257,45890,59448
20809.7,-101194,-118146,45865,59425
20811.7,-101347,-118109,45834,59390
20813.7,-101508,-118273,45847,59377
20815.7,-101467,-118458,45903,59415
20817.68,-101316,-118479,45900,59436
20819.65,-101289,-118388,45825,59414
20821.63,-101396,-118331,45778,59402
20823.6,-101476,-118388,45796,59409
20825.6,-101446,-118527,45849,59420
20827.6,-101319,-118642,45919,59456
20829.6,-101196,-118676,45958,59481
20831.6,-101252,-118647,45913,59433
20833.6,-101486,-118590,45836,59364
20835.6,-101614,-118566,45815,59356
20837.6,-101464,-118636,45832,59378
20839.6,-101257,-118764,45842,59396
20841.6,-101259,-118881,45861,59446
20843.6,-101428,-118980,45896,59509
20845.6,-101562,-119000,45893,59505
20847.6,-101563,-118865,45836,59428
20849.6,-101468,-118724,45784,59358
20851.6,-101394,-118783,45807,59353
20853.6,-101417,-118903,45912,59420
20855.6,-101489,-118806,46032,59519
20857.6,-101505,-118551,46094,59589
20859.6,-101437,-118358,46102,59610
20861.6,-101357,-118230,46117,59622
20863.6,-101382,-118148,46162,59664
20865.6,-101528,-118237,46203,59723
20867.6,-101602,-118429,46206,59741
20869.6,-101457,-118461,46168,59685
20871.6,-101308,-118367,46116,59602
20873.6,-101425,-118415,46081,59566
20875.6,-101621,-118542,46079,59591
20877.6,-101558,-118439,46117,59666
20879.6,-101338,-118137,46194,59783
20881.6,-101274,-117951,46283,59898
20883.6,-101362,-117951,46361,59965
20885.6,-101436,-117932,46416,60000
20887.6,-101498,-117797,46419,60011
20889.6,-101556,-117651,46371,59975
20891.6,-101515,-117605,46361,59948
20893.6,-101426,-117647,46421,59992
20895.6,-101454,-117708,46443,60019
20897.57,-101555,-117776,46381,59950
20899.55,-101520,-117845,46349,59889
20901.53,-101328,-117833,46381,59931
20903.5,-101180,-117714,46376,60000
20905.5,-101213,-117639,46313,60015
20907.5,-101341,-117705,46284,60017
20909.5,-101388,-117809,46324,60048
20911.5,-101299,-117874,46362,60055
20913.5,-101216,-117929,46318,59970
20915.5,-101313,-117935,46211,59841
20917.5,-101566,-117888,46162,59808
20919.5,-101752,-117937,46217,59879
20921.5,-101718,-118130,46222,59871
20923.5,-101569,-118360,46089,59730
20925.5,-101537,-118620,45961,59619
20927.5,-101692,-118907,45919,59584
20929.5,-101846,-119029,45847,59487
20931.5,-101803,-118957,45719,59338
20933.5,-101636,-118976,45648,59279
20935.5,-101579,-119157,45618,59278
20937.5,-101705,-119271,45541,59229
20939.5,-101860,-119313,45470,59179
20941.5,-101870,-119424,45467,59180
20943.5,-101710,-119459,45453,59159
20945.5,-101581,-119360,45395,59090
20947.5,-101718,-119460,45377,59047
20949.5,-101992,-119801,45397,59017
20951.5,-102027,-119896,45359,58929
20953.5,-101858,-119654,45300,58859
20955.5,-101835,-119579,45352,58948
20957.5,-101903,-119780,45479,59128
20959.5,-101797,-119847,45513,59195
20961.5,-101712,-119726,45445,59131
20963.5,-101863,-119676,45403,59076
20965.5,-101947,-119626,45379,59038
20967.5,-101816,-119487,45299,58948
20969.5,-101823,-119562,45251,58891
20971.5,-102023,-119912,45321,58939
20973.5,-102033,-120064,45374,58958
20975.5,-101853,-119867,45326,58898
20977.47,-101842,-119762,45323,58918
20979.45,-102025,-119906,45439,59029
20981.43,-102188,-119958,45546,59046
20983.4,-102286,-119850,45614,58968
20985.4,-102317,-119870,45766,58957
20987.4,-102211,-120010,46013,59019
20989.4,-102059,-120003,46262,59102
20991.4,-102037,-119898,46503,59287
20993.4,-102073,-119941,46778,59631
20995.4,-101891,-120055,47094,60095
20997.4,-101404,-119924,47424,60714
20999.4,-100848,-119451,47720,61536
21001.4,-100457,-118796,47943,62449
21003.4,-100159,-118118,48076,63294
21005.4,-99774,-117449,48024,64001
21007.4,-99360,-116736,47652,64546
21009.4,-99149,-115962,47021,64922
21011.4,-99236,-115317,46312,65064
21013.4,-99572,-115209,45473,64682
21015.4,-100099,-115888,44345,63473
21017.4,-100711,-117036,43049,61591
21019.4,-101270,-118024,41874,59619
21021.4,-101776,-118615,40931,58036
21023.4,-102308,-119053,40289,57023
21025.4,-102742,-119465,40140,56606
21027.4,-102828,-119674,40488,56634
21029.4,-102574,-119681,41005,56796
21031.4,-102273,-119753,41456,56925
21033.4,-102144,-119974,41930,57121
21035.4,-102148,-120133,42521,57441
21037.4,-102130,-120127,43115,57768
21039.4,-101983,-120094,43613,58031
21041.4,-101771,-120155,44054,58285
21043.4,-101723,-120276,44444,58519
21045.4,-101924,-120360,44713,58647
21047.4,-102109,-120355,44869,58686
21049.4,-102029,-120292,44997,58736
21051.4,-101838,-120257,45106,58801
21053.4,-101823,-120268,45146,58826
21055.4,-101966,-120231,45149,58848
21057.38,-102050,-120134,45193,58934
21059.35,-101996,-120107,45275,59047
21061.32,-101890,-120163,45327,59100
21063.3,-101855,-120138,45320,59072
21065.3,-101951,-120052,45289,59010
21067.3,-102090,-120124,45290,58972
21069.3,-102101,-120326,45346,58983
21071.3,-101987,-120415,45408,58998
21073.3,-101925,-120391,45415,58962
21075.3,-101977,-120382,45384,58912
21077.3,-102029,-120281,45364,58919
21079.3,-102013,-120068,45370,58966
21081.3,-101963,-120058,45403,59003
21083.3,-101898,-120335,45462,59035
21085.3,-101868,-120517,45511,59074
21087.3,-101965,-120413,45499,59094
21089.3,-102135,-120254,45434,59069
21091.3,-102159,-120171,45382,59037
21093.3,-101982,-120121,45409,59063
21095.3,-101837,-120203,45502,59141
21097.3,-101910,-120427,45565,59193
21099.3,-102078,-120524,45550,59189
21101.3,-102120,-120388,45509,59167
21103.3,-102022,-120237,45464,59116
21105.3,-101943,-120190,45410,59023
21107.3,-101983,-120224,45420,58993
21109.3,-102092,-120426,45522,59077
21111.3,-102150,-120732,45578,59130
21113.3,-102078,-120769,45521,59081
21115.3,-101921,-120411,45491,59066
21117.3,-101849,-120074,45541,59147
21119.3,-101962,-120100,45576,59229
21121.3,-102089,-120259,45590,59298
21123.3,-101998,-120174,45635,59366
21125.3,-101795,-119931,45636,59345
21127.3,-101802,-119915,45571,59244
21129.3,-102039,-120178,45564,59204
21131.3,-102171,-120366,45627,59220
21133.3,-102030,-120300,45637,59184
21135.3,-101845,-120197,45614,59158
21137.28,-101856,-120192,45660,59233
21139.25,-101995,-120134,45723,59318
21141.22,-102058,-120014,45728,59353
21143.2,-101983,-120033,45747,59428
21145.2,-101857,-120159,45810,59536
21147.2,-101793,-120171,45815,59532
21149.2,-101853,-120104,45742,59425
21151.2,-101964,-120096,45702,59374
21153.2,-101967,-120027,45734,59421
21155.2,-101843,-119873,45776,59485
21157.2,-101778,-119934,45815,59530
21159.2,-101872,-120213,45855,59561
21161.2,-101981,-120256,45847,59546
21163.2,-101967,-120016,45802,59504
21165.2,-101867,-119961,45815,59514
21167.2,-101764,-120139,45881,59575
21169.2,-101722,-120187,45895,59601
21171.2,-101801,-120152,45873,59588
21173.2,-101923,-120288,45918,59606
21175.2,-101883,-120380,45989,59651
21177.2,-101672,-120202,45980,59669
21179.2,-101565,-120058,45951,59688
21181.2,-101717,-120191,46015,59766
21183.2,-101915,-120356,46113,59861
21185.2,-101885,-120355,46129,59887
21187.2,-101650,-120288,46089,59855
21189.2,-101479,-120208,46084,59844
21191.2,-101528,-120100,46117,59874
21193.2,-101639,-120037,46132,59896
21195.2,-101575,-119982,46118,59887
21197.2,-101387,-119798,46095,59888
21199.2,-101325,-119577,46082,59922
21201.2,-101436,-119523,46089,59971
21203.2,-101527,-119600,46128,60035
21205.2,-101478,-119673,46213,60141
21207.2,-101346,-119746,46299,60239
21209.2,-101237,-119811,46294,60226
21211.2,-101245,-119825,46209,60134
21213.2,-101382,-119832,46173,60116
21215.2,-101496,-119823,46220,60194
21217.2,-101442,-119730,46239,60243
21219.2,-101302,-119667,46210,60239
21221.2,-101254,-119754,46221,60255
21223.2,-101332,-119778,46238,60260
21225.1,-101411,-119588,46175,60200
21227.1,-101375,-119443,46100,60154
21229.1,-101235,-119512,46101,60181
21231.1,-101146,-119605,46117,60209
21233.1,-101235,-119678,46094,60204
21235.1,-101403,-119865,46088,60234
21237.1,-101436,-120006,46113,60302
21239.1,-101300,-119909,46121,60344
21241.1,-101159,-119782,46114,60348
21243.1,-101168,-119790,46118,60335
21245.1,-101311,-119692,46107,60310
21247.1,-101403,-119403,46068,60277
21249.1,-101294,-119252,46047,60259
21251.1,-101126,-119416,46086,60291
21253.1,-101178,-119668,46159,60383
21255.1,-101416,-119776,46193,60454
21257.1,-101503,-119690,46164,60414
21259.1,-101326,-119468,46143,60334
21261.1,-101150,-119316,46166,60334
21263.1,-101215,-119440,46177,60378
21265.1,-101456,-119712,46163,60380
21267.1,-101643,-119825,46179,60358
21269.1,-101631,-119762,46217,60340
21271.1,-101501,-119730,46224,60294
21273.1,-101473,-119751,46204,60213
21275.1,-101611,-119752,46174,60133
21277.1,-101733,-119798,46150,60095
21279.1,-101719,-119915,46175,60130
21281.1,-101678,-119946,46227,60180
21283.1,-101699,-119839,46207,60151
21285.1,-101753,-119762,46133,60087
21287.1,-101851,-119821,46117,60090
21289.1,-101998,-119923,46146,60113
21291.1,-102049,-119979,46140,60077
21293.1,-101955,-120040,46123,60033
21295.1,-101936,-120177,46134,60029
21297.1,-102106,-120304,46133,60013
21299.1,-102219,-120277,46105,59975
21301.1,-102090,-120170,46090,59968
21303.1,-101929,-120194,46102,59999
21305.0,-102004,-120346,46140,60049
21307.0,-102246,-120450,46194,60103
21309.0,-102389,-120459,46206,60111
21311.0,-102330,-120416,46145,60052
21313.0,-102195,-120319,46078,59995
21315.0,-102150,-120257,46069,59987
21317.0,-102231,-120312,46097,60005
21319.0,-102328,-120294,46112,60029
21321.0,-102306,-120028,46093,60052
21323.0,-102170,-119757,46049,60047
21325.0,-102102,-119783,46012,60004
21327.0,-102246,-119996,46008,59966
21329.0,-102448,-120173,46036,59956
21331.0,-102440,-120341,46083,59964
21333.0,-102276,-120530,46127,59972
21335.0,-102250,-120586,46125,59958
21337.0,-102385,-120487,46072,59910
21339.0,-102435,-120431,46030,59880
21341.0,-102341,-120481,46053,59936
21343.0,-102269,-120509,46107,60039
21345.0,-102268,-120508,46120,60068
21347.0,-102291,-120571,46084,60008
21349.0,-102370,-120591,46041,59958
21351.0,-102470,-120405,46001,59951
21353.0,-102431,-120152,45958,59931
21355.0,-102244,-120101,45959,59920
21357.0,-102130,-120216,46021,59979
21359.0,-102221,-120266,46063,60044
21361.0,-102376,-120235,46039,60029
21363.0,-102389,-120270,46029,60004
21365.0,-102246,-120366,46075,60049
21367.0,-102139,-120414,46099,60090
21369.0,-102215,-120423,46064,60054
21371.0,-102372,-120434,46018,59979
21373.0,-102397,-120371,45976,59913
21375.0,-102280,-120225,45942,59880
21377.0,-102205,-120161,45983,59930
21379.0,-102259,-120243,46108,60058
21381.0,-102345,-120268,46232,60176
21383.0,-102349,-120111,46315,60264
21384.9,-102272,-119924,46376,60338
21386.9,-102231,-119870,46380,60343
21388.9,-102345,-119927,46324,60270
21390.9,-102537,-120027,46330,60262
21392.9,-102567,-120110,46435,60351
21394.9,-102381,-120092,46491,60368
21396.9,-102216,-119981,46436,60280
21398.9,-102245,-119880,46394,60255
21400.9,-102369,-119793,46412,60325
21402.9,-102416,-119680,46407,60374
21404.9,-102342,-119616,46408,60431
21406.9,-102214,-119658,46518,60584
21408.9,-102158,-119711,46674,60726
21410.9,-102253,-119709,46718,60725
21412.9,-102418,-119680,46651,60651
21414.9,-102495,-119559,46581,60606
21416.9,-102428,-119316,46555,60579
21418.9,-102288,-119178,46567,60578
21420.9,-102185,-119324,46602,60640
21422.9,-102185,-119528,46610,60688
21424.9,-102229,-119526,46547,60638
21426.9,-102206,-119439,46469,60571
21428.9,-102138,-119484,46444,60589
21430.9,-102155,-119591,46449,60641
21432.9,-102258,-119638,46446,60644
21434.9,-102333,-119721,46457,60621
21436.9,-102347,-119902,46469,60597
21438.9,-102344,-120005,46406,60522
21440.9,-102385,-119919,46298,60418
21442.9,-102548,-119876,46283,60412
21444.9,-102794,-120108,46356,60502
21446.9,-102877,-120431,46333,60503
21448.9,-102679,-120543,46143,60306
21450.9,-102514,-120563,45934,60041
21452.9,-102667,-120760,45834,59890
21454.9,-102876,-120972,45806,59866
21456.9,-102773,-120924,45779,59867
21458.9,-102533,-120839,45755,59861
21460.9,-102489,-120984,45748,59880
21462.9,-102521,-121072,45715,59885
21464.9,-102444,-120895,45626,59810
21466.88,-102470,-120827,45548,59723
21468.85,-102686,-121028,45547,59725
21470.82,-102766,-121096,45558,59737
21472.8,-102621,-120985,45498,59654
21474.8,-102591,-121135,45449,59579
21476.8,-102757,-121498,45503,59634
21478.8,-102827,-121595,45570,59726
21480.8,-102728,-121427,45550,59747
21482.8,-102649,-121353,45507,59742
21484.8,-102643,-121370,45502,59747
21486.8,-102649,-121313,45491,59717
21488.8,-102703,-121294,45466,59669
21490.8,-102810,-121413,45462,59646
21492.8,-102854,-121491,45449,59612
21494.8,-102786,-121415,45408,59559
21496.8,-102738,-121345,45390,59546
21498.8,-102807,-121381,45399,59558
21500.8,-102897,-121372,45398,59548
21502.8,-102892,-121219,45426,59545
21504.8,-102866,-121102,45523,59566
21506.8,-102953,-121233,45633,59553
21508.8,-103110,-121549,45739,59525
21510.8,-103169,-121813,45926,59571
21512.8,-103076,-121878,46212,59694
21514.8,-102924,-121769,46501,59848
21516.8,-102798,-121628,46742,60071
21518.8,-102645,-121565,46981,60442
21520.8,-102343,-121475,47256,61024
21522.8,-101877,-121132,47542,61850
21524.8,-101350,-120506,47767,62809
21526.8,-100848,-119784,47853,63686
21528.8,-100418,-119056,47768,64411
21530.8,-100147,-118240,47501,65056
21532.8,-100058,-117361,47039,65592
21534.8,-100066,-116680,46407,65871
21536.8,-100197,-116519,45645,65727
21538.8,-100632,-117028,44706,64907
21540.8,-101358,-118066,43531,63269
21542.8,-102064,-119289,42276,61201
21544.8,-102550,-120307,41220,59414
21546.78,-102931,-120846,40497,58223
21548.75,-103305,-120979,40145,57513
21550.72,-103540,-121110,40265,57242
21552.7,-103491,-121457,40811,57387
21554.7,-103227,-121748,41460,57661
21556.7,-102951,-121742,41990,57827
21558.7,-102826,-121654,42528,58021
21560.7,-102863,-121762,43183,58386
21562.7,-102948,-122007,43818,58784
21564.7,-102951,-122199,44311,59071
21566.7,-102836,-122251,44685,59278
21568.7,-102710,-122146,44944,59417
21570.7,-102733,-121957,45077,59470
21572.7,-102895,-121874,45162,59505
21574.7,-102975,-121995,45255,59566
21576.7,-102868,-122133,45311,59604
21578.7,-102759,-122060,45318,59622
21580.7,-102802,-121877,45335,59680
21582.7,-102878,-121809,45364,59734
21584.7,-102845,-121755,45362,59703
21586.7,-102746,-121567,45354,59638
21588.7,-102690,-121516,45404,59635
21590.7,-102732,-121782,45492,59671
21592.7,-102850,-121978,45535,59669
21594.7,-102926,-121870,45506,59620
21596.7,-102856,-121831,45484,59595
21598.7,-102723,-122027,45545,59653
21600.7,-102711,-122107,45639,59774
21602.7,-102839,-121972,45662,59851
21604.7,-102951,-121892,45623,59824
21606.7,-102928,-121868,45609,59773
21608.7,-102800,-121777,45635,59783
21610.7,-102694,-121787,45652,59823
21612.7,-102732,-121980,45651,59820
21614.7,-102897,-122070,45629,59767
21616.7,-102995,-121908,45579,59712
21618.7,-102888,-121709,45556,59706
21620.7,-102723,-121637,45602,59756
21622.7,-102748,-121673,45651,59806
21624.7,-102936,-121831,45674,59846
21626.68,-103022,-122073,45743,59919
21628.65,-102898,-122175,45823,59966
21630.63,-102740,-122029,45768,59870
21632.6,-102749,-121883,45633,59719
21634.6,-102902,-121977,45617,59703
21636.6,-102977,-122140,45704,59792
21638.6,-102838,-122075,45729,59835
21640.6,-102644,-121848,45696,59843
21642.6,-102665,-121760,45718,59896
21644.6,-102898,-121890,45795,59974
21646.6,-103072,-122034,45855,60020
21648.6,-103012,-122048,45863,60015
21650.6,-102839,-122005,45837,59961
21652.6,-102786,-122013,45820,59898
21654.6,-102899,-122035,45823,59872
21656.6,-103008,-121993,45810,59866
21658.6,-102980,-121953,45786,59875
21660.6,-102897,-122000,45805,59928
21662.6,-102868,-122051,45838,59987
21664.6,-102875,-122009,45824,59991
21666.6,-102877,-121947,45809,59980
21668.6,-102859,-121902,45846,60008
21670.6,-102761,-121776,45872,60032
21672.6,-102593,-121628,45864,60033
21674.6,-102524,-121636,45898,60067
21676.6,-102630,-121725,45975,60127
21678.6,-102746,-121703,46014,60160
21680.6,-102715,-121644,46022,60199
21682.6,-102598,-121668,46066,60293
21684.6,-102569,-121680,46124,60389
21686.6,-102696,-121644,46131,60417
21688.6,-102841,-121632,46080,60374
21690.6,-102795,-121534,46004,60275
21692.6,-102596,-121323,45950,60170
21694.6,-102525,-121318,45976,60152
21696.6,-102692,-121600,46059,60229
21698.6,-102848,-121740,46107,60301
21700.6,-102769,-121592,46118,60337
21702.6,-102552,-121534,46192,60415
21704.6,-102425,-121692,46327,60537
21706.57,-102459,-121792,46395,60592
21708.55,-102548,-121778,46363,60560
21710.53,-102546,-121785,46333,60545
21712.5,-102431,-121727,46349,60582
21714.5,-102346,-121531,46351,60597
21716.5,-102414,-121390,46331,60593
21718.5,-102541,-121429,46365,60663
21720.5,-102532,-121474,46441,60788
21722.5,-102357,-121386,46463,60841
21724.5,-102186,-121288,46432,60812
21726.5,-102190,-121306,46441,60813
21728.5,-102344,-121342,46485,60858
21730.5,-102440,-121304,46480,60859
21732.5,-102339,-121305,46432,60805
21734.5,-102173,-121402,46411,60769
21736.5,-102147,-121434,46420,60778
21738.5,-102256,-121351,46428,60808
21740.5,-102351,-121326,46441,60843
21742.5,-102346,-121358,46452,60865
21744.5,-102247,-121278,46446,60873
21746.5,-102113,-121190,46454,60905
21748.5,-102084,-121335,46503,60967
21750.5,-102223,-121608,46533,60993
21752.5,-102347,-121706,46479,60942
21754.5,-102263,-121596,46398,60891
21756.5,-102099,-121435,46389,60916
21758.5,-102136,-121310,46427,60959
21760.5,-102348,-121264,46420,60947
21762.5,-102428,-121288,46391,60944
21764.5,-102276,-121274,46411,61006
21766.5,-102149,-121197,46420,61027
21768.5,-102252,-121196,46348,60945
21770.5,-102441,-121294,46277,60881
21772.5,-102483,-121323,46267,60896
21774.5,-102380,-121266,46254,60881
21776.5,-102290,-121310,46236,60835
21778.5,-102320,-121487,46283,60867
21780.5,-102467,-121598,46354,60944
21782.5,-102607,-121526,46369,60975
21784.5,-102576,-121367,46376,61003
21786.47,-102416,-121258,46412,61055
21788.45,-102368,-121248,46426,61046
21790.43,-102510,-121299,46429,60983
21792.4,-102634,-121341,46464,60966
21794.4,-102594,-121355,46477,60969
21796.4,-102501,-121369,46434,60927
21798.4,-102485,-121361,46410,60888
21800.4,-102523,-121286,46432,60895
21802.4,-102567,-121216,46431,60903
21804.4,-102630,-121271,46401,60897
21806.4,-102700,-121415,46391,60898
21808.4,-102723,-121502,46392,60887
21810.4,-102729,-121511,46364,60851
21812.4,-102826,-121536,46320,60815
21814.4,-102983,-121597,46295,60787
21816.4,-103011,-121631,46302,60763
21818.4,-102879,-121642,46321,60770
21820.4,-102836,-121677,46327,60804
21822.4,-103016,-121711,46323,60819
21824.4,-103185,-121677,46315,60794
21826.4,-103103,-121591,46295,60761
21828.4,-102901,-121583,46284,60766
21830.4,-102853,-121732,46325,60821
21832.4,-102988,-121882,46378,60871
21834.4,-103111,-121807,46362,60842
21836.4,-103076,-121570,46307,60769
21838.4,-102937,-121458,46308,60759
21840.4,-102882,-121557,46362,60825
21842.4,-103027,-121697,46394,60872
21844.4,-103226,-121779,46392,60861
21846.4,-103226,-121815,46387,60839
21848.4,-103045,-121780,46378,60824
21850.4,-102968,-121724,46362,60803
21852.4,-103108,-121812,46372,60806
21854.4,-103248,-122002,46394,60836
21856.4,-103211,-122003,46350,60817
21858.4,-103069,-121755,46253,60749
21860.4,-102963,-121588,46245,60771
21862.4,-102971,-121716,46359,60906
21864.4,-103093,-121916,46434,60975
21866.38,-103203,-121922,46403,60919
21868.35,-103186,-121816,46392,60894
21870.32,-103131,-121780,46429,60929
21872.3,-103183,-121804,46399,60886
21874.3,-103279,-121850,46339,60805
21876.3,-103291,-121959,46376,60834
21878.3,-103229,-122017,46426,60893
21880.3,-103153,-121859,46357,60847
21882.3,-103087,-121673,46281,60803
21884.3,-103102,-121752,46325,60871
21886.3,-103217,-121952,46380,60924
21888.3,-103287,-121953,46340,60864
21890.3,-103197,-121811,46285,60792
21892.3,-103063,-121763,46298,60793
21894.3,-103056,-121856,46347,60840
21896.3,-103175,-122025,46401,60907
21898.3,-103279,-122159,46435,60962
21900.3,-103247,-122112,46408,60958
21902.3,-103124,-121943,46337,60916
21904.3,-103109,-121887,46289,60883
21906.3,-103266,-121942,46284,60861
21908.3,-103360,-121941,46291,60849
21910.3,-103208,-121909,46289,60848
21912.3,-103000,-121881,46265,60819
21914.3,-103001,-121744,46226,60760
21916.3,-103165,-121603,46227,60758
21918.3,-103277,-121697,46319,60863
21920.3,-103257,-121844,46461,61005
21922.3,-103175,-121688,46562,61097
21924.3,-103144,-121396,46601,61140
21926.3,-103212,-121357,46631,61177
21928.3,-103295,-121531,46685,61223
21930.3,-103304,-121708,46731,61252
21932.3,-103276,-121861,46752,61255
21934.3,-103251,-121912,46764,61246
21936.3,-103206,-121741,46759,61232
21938.3,-103184,-121538,46739,61228
21940.3,-103216,-121500,46750,61261
21942.3,-103189,-121432,46779,61303
21944.3,-103055,-121183,46766,61306
21946.28,-102990,-121021,46764,61323
21948.25,-103099,-121094,46861,61421
21950.22,-103226,-121128,46983,61527
21952.2,-103224,-120986,47009,61544
21954.2,-103126,-120894,46992,61536
21956.2,-103041,-120952,47015,61581
21958.2,-103061,-120972,47022,61628
21960.2,-103179,-120866,46957,61616
21962.2,-103202,-120783,46876,61576
21964.2,-103020,-120837,46846,61555
21966.2,-102883,-120971,46864,61564
21968.2,-103045,-121080,46891,61583
21970.2,-103261,-121133,46885,61577
21972.2,-103176,-121140,46849,61541
21974.2,-102979,-121056,46804,61496
21976.2,-103027,-120880,46738,61432
21978.2,-103191,-120840,46678,61375
21980.2,-103240,-121168,46722,61414
21982.2,-103338,-121658,46839,61522
21984.2,-103546,-121864,46849,61532
21986.2,-103563,-121771,46678,61382
21988.2,-103396,-121764,46455,61183
21990.2,-103425,-121956,46305,61024
21992.2,-103630,-122132,46231,60906
21994.2,-103650,-122280,46186,60829
21996.2,-103520,-122552,46129,60779
21998.2,-103497,-122817,46044,60715
22000.2,-103494,-122829,45957,60634
22002.2,-103390,-122700,45903,60581
22004.2,-103395,-122745,45920,60601
22006.2,-103591,-122933,45987,60667
22008.2,-103657,-122950,46008,60680
22010.2,-103447,-122746,45943,60611
22012.2,-103291,-122628,45892,60560
22014.2,-103408,-122733,45924,60583
22016.2,-103531,-122823,45973,60628
22018.2,-103419,-122739,45988,60667
22020.2,-103273,-122647,45978,60697
22022.2,-103354,-122685,45936,60675
22024.2,-103551,-122774,45896,60625
22026.18,-103610,-122866,45926,60637
22028.15,-103510,-122972,45984,60682
22030.13,-103420,-123000,45986,60674
22032.1,-103464,-122922,45956,60640
22034.1,-103600,-122902,45932,60605
22036.1,-103668,-122995,45893,60537
22038.1,-103603,-123008,45874,60495
22040.1,-103537,-122868,45930,60553
22042.1,-103606,-122758,46001,60609
22044.1,-103755,-122790,46044,60568
22046.1,-103857,-122868,46128,60533
22048.1,-103876,-122907,46290,60576
22050.1,-103819,-122924,46508,60650
22052.1,-103702,-122906,46806,60776
22054.1,-103577,-122844,47160,61016
22056.1,-103444,-122814,47450,61326
22058.1,-103187,-122782,47650,61707
22060.1,-102721,-122497,47863,62308
22062.1,-102159,-121884,48110,63185
22064.1,-101698,-121257,48289,64161
22066.1,-101400,-120785,48304,65020
22068.1,-101160,-120172,48098,65693
22070.1,-100913,-119234,47666,66208
22072.1,-100736,-118295,47082,66577
22074.1,-100758,-117749,46418,66722
22076.1,-101055,-117753,45660,66451
22078.1,-101614,-118401,44748,65540
22080.1,-102252,-119565,43666,63944
22082.1,-102735,-120724,42479,61983
22084.1,-103116,-121474,41390,60206
22086.1,-103613,-121922,40671,58994
22088.1,-104083,-122296,40472,58382
22090.1,-104135,-122636,40729,58221
22092.1,-103819,-122969,41274,58346
22094.1,-103592,-123270,41951,58598
22096.1,-103621,-123350,42647,58873
22098.1,-103706,-123201,43298,59169
22100.1,-103706,-123134,43894,59509
22102.1,-103620,-123231,44436,59858
22104.1,-103480,-123211,44894,60158
22106.1,-103429,-123068,45225,60371
22108.1,-103576,-123146,45433,60488
22110.1,-103766,-123442,45558,60529
22112.1,-103805,-123584,45613,60519
22114.0,-103763,-123524,45611,60482
22116.0,-103774,-123491,45611,60452
22118.0,-103804,-123432,45653,60470
22120.0,-103800,-123251,45706,60530
22122.0,-103770,-123175,45768,60615
22124.0,-103687,-123281,45863,60704
22126.0,-103564,-123272,45940,60748
22128.0,-103536,-123107,45943,60717
22130.0,-103644,-123119,45950,60689
22132.0,-103707,-123311,46021,60725
22134.0,-103601,-123341,46059,60749
22136.0,-103454,-123184,46017,60710
22138.0,-103452,-123121,46009,60720
22140.0,-103590,-123184,46082,60832
22142.0,-103674,-123180,46132,60913
22144.0,-103563,-123083,46126,60888
22146.0,-103393,-123048,46137,60851
22148.0,-103424,-123124,46165,60859
22150.0,-103644,-123178,46146,60856
22152.0,-103748,-123108,46100,60819
22154.0,-103589,-123005,46088,60793
22156.0,-103365,-123001,46117,60797
22158.0,-103322,-123083,46159,60831
22160.0,-103474,-123171,46207,60896
22162.0,-103640,-123209,46244,60951
22164.0,-103629,-123100,46232,60943
22166.0,-103468,-122849,46193,60914
22168.0,-103392,-122738,46212,60960
22170.0,-103521,-122990,46290,61044
22172.0,-103691,-123358,46290,61016
22174.0,-103725,-123448,46167,60868
22176.0,-103651,-123279,46083,60775
22178.0,-103574,-123167,46129,60813
22180.0,-103559,-123214,46189,60864
22182.0,-103605,-123272,46205,60881
22184.0,-103614,-123283,46267,60945
22186.0,-103510,-123331,46361,61029
22188.0,-103422,-123379,46372,61025
22190.0,-103499,-123294,46325,60976
22192.0,-103662,-123166,46326,60978
22193.9,-103737,-123227,46359,61006
22195.9,-103675,-123385,46367,61017
22197.9,-103517,-123323,46371,61037
22199.9,-103392,-123093,46381,61058
22201.9,-103482,-123060,46381,61064
22203.9,-103726,-123238,46409,61107
22205.9,-103768,-123312,46479,61187
22207.9,-103518,-123234,46509,61206
22209.9,-103356,-123201,46461,61154
22211.9,-103519,-123231,46406,61119
22213.9,-103733,-123241,46403,61128
22215.9,-103699,-123271,46431,61148
22217.9,-103504,-123305,46463,61183
22219.9,-103403,-123227,46502,61250
22221.9,-103475,-123094,46548,61327
22223.9,-103591,-123080,46570,61375
22225.9,-103579,-123138,46563,61383
22227.9,-103436,-123101,46577,61388
22229.9,-103350,-123001,46629,61423
22231.9,-103421,-122980,46670,61458
22233.9,-103520,-123008,46686,61472
22235.9,-103508,-122961,46712,61494
22237.9,-103396,-122848,46744,61535
22239.9,-103255,-122774,46777,61588
22241.9,-103172,-122773,46855,61678
22243.9,-103227,-122810,46946,61775
22245.9,-103331,-122831,46940,61783
22247.9,-103289,-122806,46864,61716
22249.9,-103118,-122780,46869,61706
22251.9,-103036,-122817,46967,61780
22253.9,-103123,-122848,47029,61837
22255.9,-103247,-122759,47014,61842
22257.9,-103268,-122620,46996,61849
22259.9,-103157,-122577,47028,61898
22261.9,-103019,-122608,47094,61976
22263.9,-103030,-122622,47142,62034
22265.9,-103189,-122613,47142,62031
22267.9,-103266,-122574,47119,61994
22269.9,-103157,-122504,47113,61984
22271.9,-103031,-122515,47127,62009
22273.9,-103035,-122681,47165,62056
22275.88,-103118,-122863,47233,62130
22277.85,-103141,-122896,47288,62202
22279.82,-103018,-122798,47282,62218
22281.8,-102839,-122689,47243,62182
22283.8,-102839,-122646,47228,62154
22285.8,-103057,-122653,47241,62171
22287.8,-103192,-122627,47246,62198
22289.8,-103051,-122522,47209,62171
22291.8,-102859,-122410,47148,62104
22293.8,-102881,-122369,47115,62079
22295.8,-103057,-122398,47111,62100
22297.8,-103185,-122490,47091,62093
22299.8,-103167,-122610,47087,62079
22301.8,-103034,-122647,47140,62136
22303.8,-102942,-122570,47179,62203
22305.8,-103044,-122546,47140,62191
22307.8,-103252,-122670,47110,62170
22309.8,-103303,-122787,47149,62208
22311.8,-103147,-122738,47165,62220
22313.8,-103019,-122614,47117,62168
22315.8,-103071,-122580,47094,62146
22317.8,-103192,-122606,47125,62178
22319.8,-103225,-122562,47144,62199
22321.8,-103160,-122455,47130,62198
22323.8,-103104,-122405,47130,62208
22325.8,-103148,-122444,47164,62224
22327.8,-103283,-122515,47204,62230
22329.8,-103387,-122584,47207,62218
22331.8,-103344,-122632,47167,62175
22333.8,-103193,-122637,47140,62136
22335.8,-103150,-122645,47177,62158
22337.8,-103348,-122719,47242,62219
22339.8,-103588,-122798,47249,62226
22341.8,-103557,-122789,47171,62149
22343.8,-103300,-122722,47076,62065
22345.8,-103173,-122694,47034,62040
22347.8,-103317,-122756,47037,62052
22349.8,-103517,-122870,47036,62054
22351.8,-103583,-122923,47025,62054
22353.8,-103540,-122828,47010,62054
22355.78,-103508,-122673,46972,62020
22357.75,-103577,-122644,46935,61980
22359.72,-103722,-122777,46970,62017
22361.7,-103787,-122938,47051,62111
22363.7,-103695,-123011,47093,62155
22365.7,-103592,-122985,47094,62139
22367.7,-103630,-122904,47073,62107
22369.7,-103740,-122828,47010,62057
22371.7,-103761,-122827,46960,62018
22373.7,-103661,-122907,47010,62057
22375.7,-103562,-123001,47088,62120
22377.7,-103601,-123045,47071,62101
22379.7,-103761,-123013,47007,62044
22381.7,-103860,-122902,46996,62042
22383.7,-103809,-122799,47022,62079
22385.7,-103737,-122840,47046,62109
22387.7,-103757,-122973,47058,62126
22389.7,-103836,-122969,47024,62107
22391.7,-103918,-122802,46959,62058
22393.7,-103944,-122697,46942,62040
22395.7,-103836,-122739,46983,62074
22397.7,-103667,-122792,47022,62126
22399.7,-103658,-122825,47048,62168
22401.7,-103837,-122899,47064,62170
22403.7,-103953,-122944,47055,62135
22405.7,-103856,-122893,47048,62125
22407.7,-103708,-122851,47053,62140
22409.7,-103734,-122875,47018,62095
22411.7,-103916,-122901,46978,62038
22413.7,-104019,-122954,47032,62100
22415.7,-103911,-123060,47119,62210
22417.7,-103765,-123058,47095,62194
22419.7,-103807,-122899,47008,62109
22421.7,-103973,-122882,47019,62134
22423.7,-104039,-123138,47101,62233
22425.7,-103966,-123320,47108,62247
22427.7,-103862,-123206,47058,62189
22429.7,-103803,-123094,47091,62204
22431.7,-103840,-123217,47189,62294
22433.7,-103958,-123321,47188,62300
22435.68,-103999,-123180,47078,62193
22437.65,-103890,-122986,47036,62140
22439.63,-103805,-122939,47092,62192
22441.6,-103870,-122961,47082,62193
22443.6,-103957,-123001,47003,62117
22445.6,-103946,-123132,47027,62127
22447.6,-103882,-123261,47132,62221
22449.6,-103828,-123223,47142,62239
22451.6,-103820,-123122,47069,62187
22453.6,-103875,-123119,47036,62175
22455.6,-103906,-123100,47024,62175
22457.6,-103831,-122977,46979,62133
22459.6,-103757,-122962,46944,62100
22461.6,-103804,-123169,46927,62087
22463.6,-103905,-123376,46887,62045
22465.6,-103976,-123410,46856,62007
22467.6,-103972,-123319,46882,62038
22469.6,-103803,-123155,46919,62092
22471.6,-103599,-122993,46902,62088
22473.6,-103714,-122991,46856,62039
22475.6,-104067,-123139,46852,62026
22477.6,-104131,-123238,46910,62084
22479.6,-103898,-123232,46967,62141
22481.6,-103861,-123212,46953,62120
22483.6,-104019,-123180,46903,62065
22485.6,-104015,-123143,46906,62070
22487.6,-103966,-123203,46986,62138
22489.6,-104063,-123309,47103,62227
22491.6,-104051,-123264,47216,62325
22493.6,-103880,-123071,47285,62395
22495.6,-103899,-122911,47293,62402
22497.6,-104065,-122844,47289,62392
22499.6,-104057,-122859,47320,62425
22501.6,-103990,-122979,47370,62478
22503.6,-104085,-123087,47403,62499
22505.6,-104159,-122977,47382,62470
22507.6,-104090,-122746,47317,62410
22509.6,-104085,-122714,47297,62393
22511.6,-104161,-122869,47375,62477
22513.6,-104104,-122857,47468,62603
22515.57,-103940,-122598,47513,62696
22517.55,-103893,-122377,47572,62773
22519.53,-103976,-122300,47655,62839
22521.5,-104025,-122167,47673,62842
22523.5,-103968,-121945,47639,62814
22525.5,-103893,-121893,47662,62857
22527.5,-103913,-122107,47748,62969
22529.5,-104003,-122300,47791,63041
22531.5,-103994,-122204,47726,62998
22533.5,-103807,-121976,47607,62889
22535.5,-103619,-121968,47569,62849
22537.5,-103634,-122184,47650,62930
22539.5,-103807,-122334,47717,63007
22541.5,-103929,-122323,47697,62995
22543.5,-103886,-122291,47684,62974
22545.5,-103753,-122276,47698,62971
22547.5,-103702,-122255,47646,62905
22549.5,-103822,-122312,47576,62822
22551.5,-104004,-122441,47580,62819
22553.5,-104075,-122528,47562,62806
22555.5,-104037,-122629,47423,62676
22557.5,-104016,-122871,47256,62517
22559.5,-104038,-123156,47153,62421
22561.5,-104067,-123357,47082,62355
22563.5,-104110,-123547,47025,62287
22565.5,-104138,-123723,46962,62204
22567.5,-104101,-123756,46840,62075
22569.5,-104074,-123742,46706,61959
22571.5,-104157,-123878,46672,61955
22573.5,-104253,-124025,46715,62017
22575.5,-104206,-123968,46733,62038
22577.5,-104064,-123850,46723,62020
22579.5,-104007,-123864,46720,62008
22581.5,-104116,-123897,46722,62002
22583.5,-104286,-123896,46737,61996
22585.5,-104315,-124017,46761,61992
22587.5,-104152,-124168,46742,61967
22589.5,-104029,-124064,46670,61924
22591.5,-104142,-123815,46627,61921
22593.5,-104323,-123796,46672,61988
22595.47,-104310,-123980,46743,62072
22597.45,-104165,-124062,46745,62089
22599.43,-104112,-124037,46687,62037
22601.4,-104188,-124092,46657,61989
22603.4,-104280,-124203,46674,61975
22605.4,-104311,-124230,46668,61948
22607.4,-104270,-124155,46626,61901
22609.4,-104229,-124034,46626,61901
22611.4,-104315,-123960,46706,61974
22613.4,-104521,-124058,46811,62047
22615.4,-104675,-124286,46891,62045
22617.4,-104669,-124411,46962,61982
22619.4,-104586,-124326,47087,61960
22621.4,-104551,-124188,47303,62056
22623.4,-104580,-124107,47575,62243
22625.4,-104560,-123997,47834,62466
22627.4,-104340,-123847,48063,62773
22629.4,-103878,-123784,48306,63275
22631.4,-103317,-123716,48563,63997
22633.4,-102850,-123304,48752,64832
22635.4,-102512,-122514,48776,65641
22637.4,-102158,-121717,48609,66344
22639.4,-101697,-121058,48288,66938
22641.4,-101305,-120297,47823,67409
22643.4,-101240,-119461,47196,67696
22645.4,-101505,-119009,46448,67711
22647.4,-101911,-119243,45632,67290
22649.4,-102369,-120054,44682,66201
22651.4,-102878,-121199,43538,64471
22653.4,-103407,-122386,42359,62564
22655.4,-103958,-123241,41427,61002
22657.4,-104450,-123591,40912,59973
22659.4,-104605,-123690,40860,59468
22661.4,-104379,-123914,41239,59429
22663.4,-104233,-124302,41900,59669
22665.4,-104434,-124584,42676,59985
22667.4,-104578,-124628,43474,60343
22669.4,-104342,-124565,44211,60738
22671.4,-104040,-124493,44802,61078
22673.4,-104014,-124396,45285,61353
22675.4,-104142,-124334,45733,61633
22677.4,-104228,-124342,46087,61873
22679.4,-104254,-124271,46265,61978
22681.4,-104208,-124096,46320,61982
22683.3,-104135,-124083,46357,61976
22685.3,-104181,-124280,46410,61984
22687.3,-104325,-124323,46456,61997
22689.3,-104375,-124096,46465,62005
22691.3,-104292,-123990,46469,62029
22693.3,-104208,-124180,46552,62116
22695.3,-104190,-124335,46671,62221
22697.3,-104236,-124290,46686,62226
22699.3,-104316,-124292,46630,62155
22701.3,-104318,-124398,46657,62143
22703.3,-104206,-124406,46732,62167
22705.3,-104157,-124356,46718,62121
22707.3,-104294,-124390,46659,62060
22709.3,-104423,-124353,46654,62072
22711.3,-104334,-124162,46665,62103
22713.3,-104145,-124103,46669,62121
22715.3,-104108,-124294,46734,62201
22717.3,-104270,-124467,46846,62328
22719.3,-104455,-124503,46911,62386
22721.3,-104458,-124530,46909,62355
22723.3,-104258,-124531,46887,62319
22725.3,-104099,-124477,46872,62311
22727.3,-104224,-124537,46861,62297
22729.3,-104480,-124693,46848,62277
22731.3,-104501,-124624,46845,62290
22733.3,-104261,-124299,46859,62330
22735.3,-104097,-124121,46862,62333
22737.3,-104188,-124297,46849,62303
22739.3,-104354,-124571,46873,62315
22741.3,-104389,-124668,46918,62346
22743.3,-104294,-124589,46897,62301
22745.3,-104187,-124457,46853,62234
22747.3,-104149,-124366,46910,62279
22749.3,-104185,-124356,47025,62392
22751.3,-104227,-124356,47058,62432
22753.3,-104183,-124265,47022,62410
22755.3,-104043,-124150,47022,62421
22757.3,-103950,-124156,47072,62461
22759.3,-104026,-124216,47114,62470
22761.3,-104167,-124140,47099,62429
22763.3,-104178,-123979,47040,62365
22765.28,-104068,-123945,47020,62353
22767.25,-104017,-124059,47072,62418
22769.22,-104099,-124184,47115,62480
22771.2,-104231,-124267,47123,62501
22773.2,-104270,-124265,47172,62545
22775.2,-104131,-124091,47241,62610
22777.2,-103920,-123876,47250,62633
22779.2,-103880,-123949,47259,62655
22781.2,-104043,-124277,47338,62727
22783.2,-104153,-124400,47398,62774
22785.2,-104068,-124155,47369,62747
22787.2,-103958,-123932,47323,62716
22789.2,-104002,-123976,47314,62723
22791.2,-104149,-124042,47329,62755
22793.2,-104206,-123950,47372,62823
22795.2,-104063,-123858,47423,62901
22797.2,-103843,-123901,47431,62917
22799.2,-103808,-124026,47431,62902
22801.2,-103991,-124170,47487,62939
22803.2,-104119,-124241,47549,62997
22805.2,-104031,-124143,47544,62994
22807.2,-103896,-123978,47517,62966
22809.2,-103890,-123925,47537,62988
22811.2,-103969,-123933,47569,63025
22813.2,-104033,-123841,47552,63017
22815.2,-104016,-123687,47530,63000
22817.2,-103884,-123636,47586,63051
22819.2,-103760,-123712,47688,63143
22821.2,-103826,-123788,47731,63181
22823.2,-103993,-123794,47706,63163
22825.2,-103991,-123834,47708,63170
22827.2,-103825,-123965,47757,63215
22829.2,-103755,-123992,47783,63242
22831.2,-103837,-123772,47769,63247
22833.2,-103907,-123545,47767,63266
22835.2,-103886,-123549,47803,63305
22837.2,-103815,-123628,47865,63350
22839.2,-103732,-123605,47922,63401
22841.2,-103686,-123623,47967,63449
22843.2,-103724,-123756,48015,63494
22845.18,-103781,-123808,48053,63525
22847.15,-103735,-123705,48038,63515
22849.13,-103588,-123617,47996,63486
22851.1,-103512,-123635,47998,63500
22853.1,-103645,-123683,48027,63542
22855.1,-103849,-123680,48020,63548
22857.1,-103829,-123575,47990,63522
22859.1,-103584,-123415,47965,63498
22861.1,-103463,-123395,47944,63485
22863.1,-103624,-123587,47957,63505
22865.1,-103798,-123747,48004,63546
22867.1,-103741,-123651,48011,63547
22869.1,-103550,-123462,47990,63537
22871.1,-103439,-123437,48014,63587
22873.1,-103482,-123524,48028,63629
22875.1,-103607,-123524,47977,63593
22877.1,-103651,-123406,47958,63583
22879.1,-103536,-123243,48001,63635
22881.1,-103412,-123126,47993,63627
22883.1,-103462,-123211,47969,63587
22885.1,-103641,-123503,48041,63649
22887.1,-103758,-123688,48099,63720
22889.1,-103721,-123553,48020,63655
22891.1,-103603,-123346,47946,63580
22893.1,-103563,-123358,47998,63635
22895.1,-103678,-123449,48058,63705
22897.1,-103805,-123376,48041,63696
22899.1,-103774,-123235,48019,63680
22901.1,-103663,-123266,48021,63684
22903.1,-103654,-123446,47995,63646
22905.1,-103746,-123552,47936,63567
22907.1,-103868,-123521,47882,63505
22909.1,-104001,-123509,47865,63497
22911.1,-104062,-123618,47897,63535
22913.1,-103977,-123745,47941,63571
22915.1,-103909,-123749,47946,63567
22917.1,-104020,-123657,47915,63540
22919.1,-104148,-123610,47879,63512
22921.1,-104106,-123673,47846,63469
22923.1,-104023,-123762,47813,63413
22925.07,-104094,-123797,47784,63378
22927.05,-104260,-123827,47781,63389
22929.03,-104339,-123895,47812,63429
22931.0,-104263,-123913,47835,63449
22933.0,-104140,-123836,47816,63427
22935.0,-104154,-123812,47811,63424
22937.0,-104326,-123936,47855,63472
22939.0,-104431,-124040,47873,63488
22941.0,-104326,-123940,47829,63439
22943.0,-104178,-123729,47805,63412
22945.0,-104175,-123647,47828,63428
22947.0,-104277,-123759,47835,63416
22949.0,-104362,-123895,47812,63379
22951.0,-104367,-123904,47792,63378
22953.0,-104275,-123885,47790,63409
22955.0,-104161,-124014,47829,63461
22957.0,-104171,-124212,47900,63524
22959.0,-104314,-124250,47918,63539
22961.0,-104429,-124116,47880,63505
22963.0,-104411,-123993,47878,63509
22965.0,-104302,-123953,47913,63549
22967.0,-104194,-123963,47905,63538
22969.0,-104177,-124029,47873,63497
22971.0,-104279,-124089,47867,63485
22973.0,-104350,-124004,47854,63478
22975.0,-104246,-123834,47841,63475
22977.0,-104134,-123793,47882,63516
22979.0,-104248,-123867,47918,63542
22981.0,-104428,-123847,47873,63497
22983.0,-104405,-123768,47834,63473
22985.0,-104316,-123852,47895,63540
22987.0,-104365,-124030,47956,63588
22989.0,-104391,-124028,47910,63536
22991.0,-104281,-123880,47845,63479
22993.0,-104245,-123862,47876,63510
22995.0,-104292,-123975,47951,63575
22997.0,-104209,-123985,47969,63598
22999.0,-104136,-123894,47956,63605
23001.0,-104319,-123909,47963,63621
23003.0,-104514,-124037,47937,63594
23004.97,-104432,-124117,47856,63509
23006.95,-104303,-124129,47816,63465
23008.93,-104360,-124139,47857,63513
23010.9,-104420,-124106,47893,63567
23012.9,-104382,-124010,47891,63569
23014.9,-104439,-123964,47895,63558
23016.9,-104577,-124002,47903,63568
23018.9,-104527,-124001,47910,63595
23020.9,-104303,-123927,47923,63616
23022.9,-104213,-123868,47883,63577
23024.9,-104328,-123844,47782,63484
23026.9,-104423,-123832,47745,63447
23028.9,-104403,-123893,47805,63483
23030.9,-104379,-124035,47831,63498
23032.9,-104413,-124148,47810,63504
23034.9,-104476,-124170,47826,63551
23036.9,-104520,-124115,47814,63546
23038.9,-104450,-124004,47724,63458
23040.9,-104286,-123948,47704,63448
23042.9,-104280,-124088,47791,63536
23044.9,-104521,-124286,47803,63534
23046.9,-104683,-124256,47710,63424
23048.9,-104539,-124053,47685,63389
23050.9,-104345,-124017,47754,63463
23052.9,-104378,-124219,47801,63524
23054.9,-104543,-124424,47810,63543
23056.9,-104640,-124491,47823,63564
23058.9,-104618,-124456,47829,63591
23060.9,-104517,-124380,47822,63603
23062.9,-104443,-124333,47813,63578
23064.9,-104497,-124379,47788,63514
23066.9,-104598,-124451,47741,63461
23068.9,-104574,-124454,47699,63443
23070.9,-104462,-124423,47665,63424
23072.9,-104419,-124396,47637,63391
23074.9,-104442,-124334,47625,63380
23076.9,-104449,-124298,47639,63398
23078.9,-104482,-124384,47679,63438
23080.9,-104560,-124459,47734,63502
23082.9,-104593,-124390,47775,63559
23084.88,-104592,-124337,47782,63566
23086.85,-104668,-124421,47772,63542
23088.82,-104763,-124463,47768,63534
23090.8,-104723,-124387,47774,63546
23092.8,-104597,-124349,47777,63548
23094.8,-104559,-124351,47755,63522
23096.8,-104634,-124298,47737,63506
23098.8,-104702,-124296,47774,63554
23100.8,-104661,-124395,47829,63631
23102.8,-104517,-124410,47826,63649
23104.8,-104397,-124343,47796,63619
23106.8,-104423,-124407,47797,63600
23108.8,-104548,-124542,47781,63562
23110.8,-104603,-124505,47733,63499
23112.8,-104515,-124324,47739,63503
23114.8,-104388,-124175,47812,63587
23116.8,-104404,-124088,47899,63675
23118.8,-104620,-124038,48021,63780
23120.8,-104833,-123968,48161,63898
23122.8,-104815,-123734,48188,63908
23124.8,-104653,-123423,48108,63814
23126.8,-104626,-123429,48109,63810
23128.8,-104753,-123803,48229,63924
23130.8,-104787,-124036,48305,63978
23132.8,-104627,-123880,48288,63949
23134.8,-104448,-123729,48288,63980
23136.8,-104425,-123842,48346,64084
23138.8,-104519,-123915,48388,64141
23140.8,-104581,-123722,48373,64119
23142.8,-104537,-123475,48363,64113
23144.8,-104432,-123359,48435,64201
23146.8,-104367,-123319,48542,64327
23148.8,-104412,-123351,48575,64377
23150.8,-104529,-123448,48561,64366
23152.8,-104572,-123405,48604,64409
23154.8,-104464,-123151,48675,64502
23156.8,-104320,-122976,48675,64543
23158.8,-104299,-123067,48631,64526
23160.8,-104386,-123195,48606,64507
23162.8,-104448,-123162,48577,64478
23164.78,-104415,-123109,48529,64430
23166.75,-104334,-123162,48496,64393
23168.72,-104329,-123214,48475,64365
23170.7,-104468,-123205,48455,64330
23172.7,-104629,-123265,48462,64319
23174.7,-104607,-123424,48486,64345
23176.7,-104445,-123518,48475,64357
23178.7,-104429,-123523,48423,64317
23180.7,-104661,-123680,48358,64232
23182.7,-104867,-124074,48278,64131
23184.7,-104796,-124384,48164,64028
23186.7,-104581,-124372,48028,63919
23188.7,-104522,-124291,47909,63798
23190.7,-104683,-124473,47828,63684
23192.7,-104864,-124787,47756,63597
23194.7,-104852,-124892,47673,63546
23196.7,-104659,-124777,47611,63534
23198.7,-104542,-124714,47591,63533
23200.7,-104687,-124823,47592,63518
23202.7,-104924,-124967,47598,63507
23204.7,-104961,-125021,47604,63509
23206.7,-104824,-125002,47594,63488
23208.7,-104752,-124961,47590,63462
23210.7,-104808,-124909,47622,63482
23212.7,-104882,-124858,47631,63505
23214.7,-104908,-124797,47567,63468
23216.7,-104855,-124707,47512,63434
23218.7,-104699,-124645,47546,63477
23220.7,-104558,-124699,47608,63545
23222.7,-104596,-124805,47629,63577
23224.7,-104753,-124816,47619,63561
23226.7,-104802,-124767,47595,63498
23228.7,-104690,-124810,47576,63450
23230.7,-104623,-124942,47598,63483
23232.7,-104763,-125023,47634,63539
23234.7,-105008,-124995,47650,63546
23236.7,-105126,-124889,47698,63564
23238.7,-105052,-124741,47788,63607
23240.7,-104971,-124638,47855,63580
23242.7,-105060,-124701,47949,63541
23244.7,-105250,-124898,48176,63643
23246.7,-105298,-125050,48483,63828
23248.7,-105084,-125066,48769,63987
23250.7,-104758,-125012,49032,64191
23252.6,-104523,-124938,49233,64503
23254.6,-104315,-124770,49343,64916
23256.6,-103892,-124394,49496,65537
23258.6,-103251,-123819,49715,66382
23260.6,-102667,-123189,49730,67156
23262.6,-102325,-122607,49417,67674
23264.6,-102172,-121985,48986,68116
23266.6,-102095,-121221,48517,68563
23268.6,-102016,-120487,47847,68795
23270.6,-101980,-120164,46982,68639
23272.6,-102243,-120536,46076,68013
23274.6,-102944,-121576,45103,66772
23276.6,-103754,-122928,43981,65009
23278.6,-104303,-124054,42870,63228
23280.6,-104671,-124623,42058,61890
23282.6,-105023,-124810,41730,61104
23284.6,-105219,-125010,41910,60832
23286.6,-105195,-125304,42462,60960
23288.6,-105121,-125490,43168,61260
23290.6,-104997,-125499,43901,61563
23292.6,-104746,-125440,44635,61888
23294.6,-104607,-125389,45330,62270
23296.6,-104762,-125388,45938,62650
23298.6,-104900,-125448,46450,62975
23300.6,-104741,-125424,46851,63229
23302.6,-104530,-125222,47108,63392
23304.6,-104601,-125062,47248,63466
23306.6,-104897,-125137,47343,63493
23308.6,-105145,-125274,47418,63498
23310.6,-105153,-125306,47470,63498
23312.6,-104940,-125316,47526,63532
23314.6,-104769,-125277,47589,63606
23316.6,-104862,-125077,47628,63667
23318.6,-105030,-124935,47671,63707
23320.6,-104924,-125068,47771,63769
23322.6,-104609,-125197,47852,63808
23324.6,-104482,-125086,47820,63752
23326.6,-104657,-125011,47760,63680
23328.6,-104848,-125116,47776,63689
23330.6,-104837,-125087,47789,63701
23332.6,-104711,-124888,47762,63679
23334.57,-104642,-124878,47823,63750
23336.55,-104682,-125060,47943,63894
23338.53,-104781,-125113,47946,63925
23340.5,-104848,-125044,47887,63872
23342.5,-104811,-125057,47940,63917
23344.5,-104704,-125102,48029,64000
23346.5,-104665,-125098,48015,63972
23348.5,-104766,-125137,47979,63917
23350.5,-104896,-125231,48003,63944
23352.5,-104882,-125265,48019,63984
23354.5,-104733,-125226,48011,63992
23356.5,-104648,-125185,48019,64002
23358.5,-104738,-125158,48012,64002
23360.5,-104858,-125155,48000,63998
23362.5,-104822,-125162,48056,64045
23364.5,-104675,-125145,48127,64097
23366.5,-104615,-125161,48119,64076
23368.5,-104714,-125277,48081,64026
23370.5,-104849,-125342,48069,63995
23372.5,-104846,-125193,48038,63952
23374.5,-104672,-124984,47993,63921
23376.5,-104505,-124920,48000,63941
23378.5,-104556,-124939,48037,63967
23380.5,-104775,-124977,48073,63988
23382.5,-104878,-125121,48134,64051
23384.5,-104723,-125281,48183,64094
23386.5,-104517,-125241,48166,64044
23388.5,-104533,-125110,48143,63996
23390.5,-104731,-125111,48177,64034
23392.5,-104832,-125129,48222,64090
23394.5,-104741,-125003,48244,64126
23396.5,-104668,-124900,48276,64193
23398.5,-104755,-124939,48319,64268
23400.5,-104857,-124987,48348,64296
23402.5,-104833,-125008,48375,64302
23404.5,-104746,-125088,48402,64318
23406.5,-104693,-125146,48400,64313
23408.5,-104693,-125110,48367,64282
23410.5,-104760,-125106,48344,64273
23412.5,-104839,-125162,48346,64296
23414.47,-104806,-125083,48334,64304
23416.45,-104667,-124835,48297,64293
23418.43,-104573,-124670,48322,64352
23420.4,-104585,-124751,48455,64505
23422.4,-104643,-124944,48573,64615
23424.4,-104691,-125017,48564,64587
23426.4,-104670,-124919,48512,64528
23428.4,-104549,-124793,48528,64549
23430.4,-104435,-124757,48590,64611
23432.4,-104436,-124766,48644,64664
23434.4,-104464,-124728,48692,64721
23436.4,-104382,-124624,48728,64770
23438.4,-104241,-124489,48744,64793
23440.4,-104204,-124405,48763,64818
23442.4,-104318,-124449,48796,64854
23444.4,-104440,-124556,48822,64874
23446.4,-104391,-124547,48833,64876
23448.4,-104218,-124413,48832,64876
23450.4,-104185,-124327,48844,64888
23452.4,-104360,-124371,48903,64936
23454.4,-104476,-124462,48974,64999
23456.4,-104353,-124532,48995,65020
23458.4,-104168,-124542,48990,65012
23460.4,-104119,-124464,49003,65016
23462.4,-104183,-124367,49002,65016
23464.4,-104272,-124359,48992,65017
23466.4,-104325,-124403,49029,65060
23468.4,-104265,-124377,49072,65099
23470.4,-104127,-124292,49046,65076
23472.4,-104082,-124262,49017,65072
23474.4,-104170,-124328,49066,65156
23476.4,-104236,-124421,49124,65242
23478.4,-104184,-124452,49130,65259
23480.4,-104066,-124386,49125,65255
23482.4,-103983,-124286,49123,65251
23484.4,-104035,-124272,49100,65231
23486.4,-104200,-124346,49088,65225
23488.4,-104246,-124331,49097,65234
23490.4,-104055,-124151,49074,65208
23492.4,-103919,-124022,49034,65177
23494.38,-104097,-124137,49060,65231
23496.35,-104301,-124347,49148,65344
23498.32,-104183,-124397,49191,65404
23500.3,-103976,-124280,49135,65358
23502.3,-104037,-124133,49038,65263
23504.3,-104198,-124056,49007,65225
23506.3,-104211,-124131,49065,65281
23508.3,-104219,-124324,49128,65353
23510.3,-104286,-124388,49141,65366
23512.3,-104202,-124198,49128,65344
23514.3,-104049,-124012,49104,65328
23516.3,-104140,-124086,49081,65321
23518.3,-104366,-124296,49100,65344
23520.3,-104396,-124400,49150,65391
23522.3,-104293,-124349,49153,65391
23524.3,-104274,-124221,49106,65327
23526.3,-104294,-124120,49072,65269
23528.3,-104302,-124171,49055,65243
23530.3,-104430,-124384,49040,65233
23532.3,-104630,-124577,49053,65245
23534.3,-104638,-124568,49079,65260
23536.3,-104447,-124349,49074,65239
23538.3,-104369,-124068,49049,65204
23540.3,-104509,-123938,49033,65189
23542.3,-104611,-124056,49019,65174
23544.3,-104519,-124246,49018,65155
23546.3,-104422,-124316,49042,65170
23548.3,-104490,-124393,49083,65228
23550.3,-104623,-124628,49140,65301
23552.3,-104650,-124759,49194,65354
23554.3,-104529,-124541,49197,65358
23556.3,-104368,-124285,49167,65336
23558.3,-104362,-124339,49181,65340
23560.3,-104560,-124455,49213,65356
23562.3,-104722,-124361,49196,65340
23564.3,-104655,-124300,49165,65312
23566.3,-104518,-124386,49146,65271
23568.3,-104539,-124298,49074,65172
23570.3,-104690,-124092,48995,65089
23572.3,-104819,-124215,49035,65142
23574.28,-104832,-124540,49145,65261
23576.25,-104722,-124563,49172,65288
23578.22,-104620,-124420,49122,65229
23580.2,-104666,-124520,49091,65178
23582.2,-104785,-124690,49084,65162
23584.2,-104823,-124666,49087,65184
23586.2,-104800,-124644,49110,65227
23588.2,-104780,-124712,49123,65233
23590.2,-104740,-124665,49106,65203
23592.2,-104715,-124568,49104,65209
23594.2,-104765,-124585,49117,65234
23596.2,-104778,-124534,49093,65202
23598.2,-104671,-124375,49052,65152
23600.2,-104635,-124446,49073,65172
23602.2,-104814,-124746,49148,65235
23604.2,-105003,-124852,49191,65253
23606.2,-104967,-124707,49151,65204
23608.2,-104796,-124614,49086,65144
23610.2,-104734,-124621,49081,65139
23612.2,-104853,-124626,49134,65191
23614.2,-105015,-124688,49166,65235
23616.2,-105037,-124786,49155,65232
23618.2,-104891,-124757,49135,65210
23620.2,-104748,-124658,49117,65187
23622.2,-104777,-124671,49079,65151
23624.2,-104927,-124761,49035,65105
23626.2,-105010,-124815,49027,65084
23628.2,-104943,-124857,49066,65114
23630.2,-104832,-124879,49095,65149
23632.2,-104841,-124801,49042,65108
23634.2,-104989,-124705,48963,65026
23636.2,-105116,-124739,48983,65041
23638.2,-105069,-124809,49074,65141
23640.2,-104918,-124718,49096,65169
23642.2,-104864,-124554,49050,65110
23644.2,-104950,-124593,49049,65103
23646.2,-105008,-124835,49088,65159
23648.2,-104927,-124952,49081,65170
23650.2,-104809,-124764,49013,65102
23652.2,-104790,-124498,48931,65014
23654.18,-104863,-124465,48909,64988
23656.15,-104930,-124673,48998,65075
23658.13,-104934,-124886,49120,65198
23660.1,-104890,-124952,49151,65230
23662.1,-104843,-124899,49108,65174
23664.1,-104851,-124781,49070,65116
23666.1,-104937,-124656,49034,65075
23668.1,-105012,-124649,49017,65068
23670.1,-104940,-124771,49068,65128
23672.1,-104759,-124818,49118,65178
23674.1,-104699,-124716,49087,65146
23676.1,-104853,-124691,49052,65117
23678.1,-105013,-124829,49078,65144
23680.1,-104989,-124900,49086,65146
23682.1,-104882,-124836,49052,65113
23684.1,-104895,-124859,49056,65123
23686.1,-105036,-125011,49081,65144
23688.1,-105126,-125084,49061,65112
23690.1,-105034,-125042,49028,65084
23692.1,-104860,-125040,49038,65106
23694.1,-104841,-125088,49052,65122
23696.1,-105019,-125062,49042,65107
23698.1,-105151,-124968,49033,65096
23700.1,-105065,-124921,49023,65091
23702.1,-104892,-124941,48991,65067
23704.1,-104854,-124979,48967,65040
23706.1,-104994,-125044,48992,65038
23708.1,-105172,-125121,49038,65054
23710.1,-105221,-125121,49044,65058
23712.1,-105120,-125065,49026,65055
23714.1,-105015,-125072,49043,65078
23716.1,-105020,-125082,49057,65101
23718.1,-105091,-124989,49002,65064
23720.1,-105127,-124953,48948,65004
23722.1,-105102,-125095,48989,65015
23724.1,-105045,-125168,49041,65056
23726.1,-105020,-125031,48999,65027
23728.1,-105069,-124953,48934,64966
23730.1,-105119,-125039,48932,64970
23732.1,-105060,-125023,48960,65022
23734.1,-104938,-124890,48972,65043
23736.1,-104916,-124917,48974,65019
23738.1,-105041,-125084,48974,65002
23740.1,-105170,-125174,48996,65034
23742.0,-105159,-125206,49048,65087
23744.0,-105037,-125209,49061,65083
23746.0,-104990,-125057,49001,65015
23748.0,-105143,-124886,48966,64972
23750.0,-105351,-124946,49022,65005
23752.0,-105337,-125008,49116,65083
23754.0,-105097,-124758,49202,65172
23756.0,-104929,-124478,49303,65267
23758.0,-105014,-124523,49422,65366
23760.0,-105192,-124658,49520,65453
23762.0,-105236,-124635,49564,65492
23764.0,-105117,-124624,49561,65470
23766.0,-104979,-124665,49556,65440
23768.0,-104984,-124572,49571,65451
23770.0,-105137,-124458,49580,65466
23772.0,-105213,-124499,49568,65460
23774.0,-105042,-124474,49564,65466
23776.0,-104809,-124269,49596,65508
23778.0,-104799,-124188,49680,65591
23780.0,-104968,-124268,49796,65710
23782.0,-105059,-124155,49862,65792
23784.0,-105000,-123892,49853,65791
23786.0,-104915,-123833,49870,65793
23788.0,-104896,-123892,49944,65859
23790.0,-104953,-123796,49974,65902
23792.0,-105014,-123684,49949,65891
23794.0,-104952,-123722,49963,65913
23796.0,-104761,-123727,49987,65958
23798.0,-104621,-123638,49950,65946
23800.0,-104653,-123678,49926,65932
23802.0,-104777,-123855,49974,65978
23804.0,-104854,-123954,50007,66011
23806.0,-104810,-123939,49969,65965
23808.0,-104697,-123903,49913,65902
23810.0,-104694,-123892,49883,65882
23812.0,-104887,-123965,49875,65895
23814.0,-105078,-124131,49873,65901
23816.0,-105053,-124264,49829,65843
23818.0,-104931,-124337,49698,65698
23820.0,-104978,-124504,49524,65520
23822.0,-105199,-124800,49391,65376
23823.97,-105345,-125075,49327,65279
23825.95,-105260,-125220,49293,65216
23827.93,-105072,-125225,49232,65162
23829.9,-105033,-125150,49137,65099
23831.9,-105194,-125163,49063,65052
23833.9,-105344,-125333,49042,65048
23835.9,-105306,-125462,49039,65065
23837.9,-105155,-125374,49017,65068
23839.9,-105081,-125242,48977,65040
23841.9,-105164,-125336,48936,64986
23843.9,-105329,-125623,48936,64954
23845.9,-105411,-125808,48974,64969
23847.9,-105328,-125721,48973,64975
23849.9,-105212,-125520,48917,64948
23851.9,-105240,-125478,48903,64966
23853.9,-105366,-125634,48964,65043
23855.9,-105420,-125816,49022,65098
23857.9,-105366,-125921,49050,65116
23859.9,-105292,-125945,49059,65123
23861.9,-105273,-125870,49020,65078
23863.9,-105347,-125776,48961,64993
23865.9,-105469,-125830,48971,64988
23867.9,-105488,-125944,49030,65065
23869.9,-105354,-125827,49050,65105
23871.9,-105258,-125540,49063,65105
23873.9,-105369,-125454,49135,65123
23875.9,-105564,-125593,49220,65120
23877.9,-105589,-125653,49307,65086
23879.9,-105417,-125604,49499,65134
23881.9,-105299,-125611,49813,65297
23883.9,-105409,-125596,50124,65473
23885.9,-105528,-125485,50362,65653
23887.9,-105272,-125429,50566,65935
23889.9,-104627,-125352,50759,66361
23891.9,-104000,-124964,50940,66941
23893.9,-103647,-124380,51111,67682
23895.9,-103383,-123912,51203,68465
23897.9,-102970,-123418,51090,69099
23899.9,-102493,-122667,50746,69556
23901.9,-102202,-121908,50231,69930
23903.88,-102197,-121402,49559,70169
23905.85,-102418,-121132,48714,70048
23907.82,-102809,-121340,47755,69373
23909.8,-103349,-122363,46729,68095
23911.8,-103984,-123814,45614,66377
23913.8,-104635,-124884,44485,64631
23915.8,-105237,-125378,43635,63316
23917.8,-105683,-125629,43320,62614
23919.8,-105816,-125797,43495,62389
23921.8,-105650,-125898,43939,62436
23923.8,-105459,-126020,44527,62648
23925.8,-105450,-126134,45228,62966
23927.8,-105511,-126137,45976,63337
23929.8,-105453,-126105,46692,63744
23931.8,-105289,-126108,47328,64150
23933.8,-105142,-126026,47832,64466
23935.8,-105093,-125846,48196,64667
23937.8,-105167,-125756,48465,64822
23939.8,-105283,-125777,48661,64946
23941.8,-105286,-125761,48776,64994
23943.8,-105176,-125729,48843,64990
23945.8,-105166,-125800,48892,64984
23947.8,-105342,-125897,48930,64993
23949.8,-105497,-125893,48981,65042
23951.8,-105440,-125835,49047,65132
23953.8,-105250,-125820,49081,65182
23955.8,-105148,-125837,49090,65171
23957.8,-105240,-125857,49126,65172
23959.8,-105420,-125903,49160,65194
23961.8,-105488,-125960,49156,65191
23963.8,-105396,-125945,49166,65180
23965.8,-105308,-125846,49193,65176
23967.8,-105342,-125771,49174,65146
23969.8,-105401,-125744,49137,65123
23971.8,-105370,-125658,49155,65157
23973.8,-105280,-125519,49180,65195
23975.8,-105226,-125490,49158,65188
23977.8,-105270,-125594,49154,65194
23979.8,-105369,-125696,49215,65241
23981.8,-105373,-125758,49299,65293
23983.78,-105225,-125804,49363,65331
23985.75,-105090,-125759,49376,65341
23987.72,-105089,-125633,49331,65306
23989.7,-105140,-125621,49300,65286
23991.7,-105181,-125772,49337,65340
23993.7,-105193,-125851,49360,65384
23995.7,-105083,-125756,49323,65349
23997.7,-104943,-125721,49321,65326
23999.7,-105061,-125836,49393,65379
24001.7,-105347,-125835,49421,65412
24003.7,-105385,-125672,49379,65377
24005.7,-105218,-125705,49380,65364
24007.7,-105202,-125959,49446,65406
24009.7,-105239,-125989,49482,65438
24011.7,-105131,-125745,49489,65461
24013.7,-105115,-125632,49548,65534
24015.7,-105250,-125676,49630,65619
24017.7,-105176,-125611,49638,65626
24019.7,-104967,-125562,49584,65566
24021.7,-105051,-125702,49544,65510
24023.7,-105251,-125774,49514,65462
24025.7,-105137,-125623,49475,65416
24027.7,-104939,-125522,49483,65432
24029.7,-105010,-125591,49567,65534
24031.7,-105115,-125643,49641,65625
24033.7,-105036,-125648,49650,65635
24035.7,-105024,-125711,49646,65620
24037.7,-105163,-125746,49652,65624
24039.7,-105158,-125638,49638,65621
24041.7,-104971,-125488,49625,65614
24043.7,-104906,-125431,49652,65635
24045.7,-105046,-125459,49681,65666
24047.7,-105156,-125509,49683,65683
24049.7,-105098,-125528,49691,65703
24051.7,-104974,-125482,49709,65719
24053.7,-104927,-125423,49711,65721
24055.7,-104984,-125430,49722,65735
24057.7,-105040,-125452,49755,65761
24059.7,-104975,-125393,49779,65768
24061.7,-104848,-125320,49793,65775
24063.68,-104853,-125354,49820,65816
24065.65,-105006,-125453,49845,65857
24067.63,-105077,-125494,49861,65881
24069.6,-104925,-125441,49880,65913
24071.6,-104710,-125323,49887,65948
24073.6,-104657,-125204,49882,65970
24075.6,-104760,-125153,49913,66014
24077.6,-104827,-125130,49974,66066
24079.6,-104737,-125045,49988,66064
24081.6,-104593,-124989,49964,66035
24083.6,-104575,-125092,49978,66055
24085.6,-104690,-125233,50026,66098
24087.6,-104787,-125209,50039,66105
24089.6,-104756,-125058,50025,66100
24091.6,-104622,-124913,50048,66136
24093.6,-104488,-124818,50117,66200
24095.6,-104445,-124807,50176,66259
24097.6,-104489,-124875,50190,66292
24099.6,-104515,-124903,50185,66302
24101.6,-104480,-124879,50200,66313
24103.6,-104455,-124944,50223,66340
24105.6,-104489,-125062,50236,66372
24107.6,-104527,-125062,50254,66405
24109.6,-104526,-124992,50273,66438
24111.6,-104489,-124980,50266,66449
24113.6,-104423,-124925,50248,66439
24115.6,-104359,-124787,50275,66456
24117.6,-104366,-124799,50340,66513
24119.6,-104444,-124993,50361,66541
24121.6,-104476,-125027,50287,66478
24123.6,-104378,-124786,50180,66378
24125.6,-104251,-124626,50158,66364
24127.6,-104286,-124767,50236,66452
24129.6,-104484,-124928,50288,66511
24131.6,-104590,-124822,50245,66473
24133.6,-104426,-124617,50198,66439
24135.6,-104185,-124647,50232,66493
24137.6,-104172,-124895,50306,66578
24139.6,-104364,-125030,50340,66610
24141.6,-104483,-124911,50306,66580
24143.57,-104410,-124771,50250,66538
24145.55,-104299,-124809,50246,66546
24147.53,-104326,-124907,50292,66592
24149.5,-104481,-124915,50307,66597
24151.5,-104584,-124889,50288,66565
24153.5,-104525,-124877,50300,66565
24155.5,-104428,-124805,50311,66565
24157.5,-104469,-124683,50276,66512
24159.5,-104606,-124655,50277,66492
24161.5,-104670,-124754,50358,66550
24163.5,-104619,-124859,50403,66567
24165.5,-104548,-124892,50357,66496
24167.5,-104544,-124901,50316,66453
24169.5,-104637,-124955,50326,66470
24171.5,-104781,-125040,50332,66464
24173.5,-104877,-125080,50320,66432
24175.5,-104882,-125041,50315,66433
24177.5,-104856,-124966,50312,66443
24179.5,-104885,-124934,50314,66432
24181.5,-104992,-125000,50338,66428
24183.5,-105104,-125113,50352,66431
24185.5,-105096,-125125,50314,66395
24187.5,-104977,-124994,50259,66334
24189.5,-104928,-124917,50263,66333
24191.5,-105026,-125038,50343,66413
24193.5,-105105,-125181,50415,66471
24195.5,-105049,-125112,50394,66424
24197.5,-104971,-124925,50320,66345
24199.5,-105002,-124909,50315,66361
24201.5,-105125,-125112,50381,66440
24203.5,-105238,-125253,50396,66449
24205.5,-105215,-125101,50335,66379
24207.5,-105037,-124830,50305,66340
24209.5,-104923,-124808,50347,66365
24211.5,-105064,-125042,50385,66389
24213.5,-105267,-125150,50372,66375
24215.5,-105226,-125002,50350,66353
24217.5,-105013,-124931,50358,66359
24219.5,-104930,-125093,50383,66379
24221.5,-105056,-125186,50377,66374
24223.5,-105222,-125069,50343,66343
24225.5,-105264,-125011,50333,66336
24227.5,-105145,-125105,50351,66353
24229.5,-104994,-125127,50338,66346
24231.5,-105008,-125063,50296,66318
24233.47,-105186,-125105,50284,66313
24235.45,-105302,-125232,50297,66314
24237.43,-105242,-125295,50285,66294
24239.4,-105150,-125267,50247,66272
24241.4,-105152,-125136,50205,66252
24243.4,-105209,-124986,50179,66228
24245.4,-105237,-125041,50182,66219
24247.4,-105210,-125176,50161,66191
24249.4,-105161,-124963,50050,66083
24251.4,-105177,-124621,49964,66005
24253.4,-105287,-124866,50075,66124
24255.4,-105387,-125525,50279,66327
24257.4,-105368,-125687,50330,66372
24259.4,-105252,-125310,50245,66286
24261.4,-105156,-125175,50223,66274
24263.4,-105208,-125400,50260,66322
24265.4,-105409,-125460,50210,66275
24267.4,-105529,-125313,50102,66157
24269.4,-105371,-125261,50063,66099
24271.4,-105132,-125253,50070,66099
24273.4,-105149,-125193,50037,66078
24275.4,-105367,-125264,50014,66052
24277.4,-105463,-125454,50053,66065
24279.4,-105357,-125479,50062,66072
24281.4,-105240,-125352,49998,66045
24283.4,-105245,-125368,49991,66059
24285.4,-105329,-125565,50092,66144
24287.4,-105370,-125736,50165,66213
24289.4,-105319,-125786,50133,66211
24291.4,-105288,-125730,50069,66168
24293.4,-105391,-125598,50008,66093
24295.4,-105515,-125465,49944,66008
24297.4,-105490,-125411,49932,65991
24299.4,-105388,-125428,49976,66043
24301.4,-105358,-125472,49990,66065
24303.4,-105398,-125524,49975,66059
24305.4,-105481,-125565,49998,66097
24307.4,-105617,-125588,50038,66142
24309.4,-105679,-125616,50047,66139
24311.4,-105536,-125658,50058,66139
24313.38,-105350,-125688,50073,66159
24315.35,-105366,-125682,50047,66135
24317.32,-105520,-125637,50006,66083
24319.3,-105576,-125580,50000,66074
24321.3,-105459,-125533,50009,66086
24323.3,-105284,-125479,50013,66080
24325.3,-105216,-125408,50024,66084
24327.3,-105334,-125365,50023,66099
24329.3,-105501,-125369,49993,66083
24331.3,-105493,-125369,49966,66042
24333.3,-105340,-125354,49954,66011
24335.3,-105296,-125405,49950,66005
24337.3,-105431,-125554,49968,66030
24339.3,-105540,-125685,49994,66064
24341.3,-105470,-125666,49974,66049
24343.3,-105318,-125538,49928,66000
24345.3,-105298,-125467,49930,65999
24347.3,-105480,-125522,49962,66038
24349.3,-105673,-125603,49958,66036
24351.3,-105629,-125631,49931,65988
24353.3,-105391,-125660,49931,65967
24355.3,-105265,-125715,49946,65984
24357.3,-105401,-125720,49938,65986
24359.3,-105612,-125648,49911,65964
24361.3,-105670,-125559,49893,65962
24363.3,-105558,-125476,49887,65980
24365.3,-105417,-125442,49886,65985
24367.3,-105379,-125560,49891,65983
24369.3,-105460,-125794,49907,66000
24371.3,-105549,-125903,49910,66006
24373.3,-105533,-125787,49887,65969
24375.3,-105450,-125638,49873,65944
24377.3,-105449,-125625,49903,65978
24379.3,-105571,-125665,49959,66024
24381.3,-105680,-125646,50022,66063
24383.3,-105655,-125581,50118,66154
24385.3,-105568,-125480,50238,66283
24387.3,-105569,-125324,50328,66355
24389.3,-105668,-125206,50373,66356
24391.3,-105730,-125213,50391,66348
24393.28,-105663,-125225,50376,66334
24395.25,-105516,-125108,50339,66293
24397.22,-105440,-124985,50328,66271
24399.2,-105543,-125020,50350,66293
24401.2,-105727,-125133,50373,66330
24403.2,-105751,-125171,50393,66365
24405.2,-105559,-125096,50410,66391
24407.2,-105398,-124908,50406,66393
24409.2,-105470,-124659,50409,66401
24411.2,-105655,-124513,50462,66458
24413.2,-105722,-124507,50541,66530
24415.2,-105615,-124451,50602,66582
24417.2,-105450,-124287,50667,66668
24419.2,-105373,-124232,50755,66801
24421.2,-105415,-124360,50809,66884
24423.2,-105420,-124435,50791,66874
24425.2,-105259,-124332,50754,66852
24427.2,-105073,-124276,50759,66875
24429.2,-105079,-124429,50786,66895
24431.2,-105216,-124541,50768,66857
24433.2,-105274,-124356,50699,66785
24435.2,-105220,-124115,50647,66724
24437.2,-105167,-124204,50645,66688
24439.2,-105192,-124519,50659,66679
24441.2,-105334,-124705,50674,66714
24443.2,-105543,-124770,50697,66757
24445.2,-105658,-124919,50675,66720
24447.2,-105594,-125112,50560,66587
24449.2,-105476,-125248,50410,66445
24451.2,-105463,-125437,50300,66338
24453.2,-105572,-125740,50223,66237
24455.2,-105690,-125988,50143,66133
24457.2,-105680,-126032,50059,66042
24459.2,-105535,-125915,49981,65971
24461.2,-105436,-125801,49921,65933
24463.2,-105504,-125833,49876,65909
24465.2,-105619,-125962,49821,65852
24467.2,-105637,-125983,49768,65791
24469.2,-105593,-125889,49773,65804
24471.2,-105601,-125917,49828,65858
24473.18,-105718,-126111,49857,65854
24475.15,-105882,-126214,49839,65814
24477.13,-105899,-126104,49811,65814
24479.1,-105700,-125971,49795,65839
24481.1,-105554,-125987,49788,65847
24483.1,-105707,-126108,49790,65850
24485.1,-105954,-126209,49789,65857
24487.1,-105958,-126227,49771,65850
24489.1,-105764,-126178,49752,65825
24491.1,-105634,-126122,49745,65797
24493.1,-105665,-126124,49735,65765
24495.1,-105793,-126210,49709,65719
24497.1,-105906,-126297,49689,65668
24499.1,-105871,-126236,49706,65646
24501.1,-105739,-126028,49767,65678
24503.1,-105791,-125897,49858,65741
24505.1,-106079,-126007,49963,65780
24507.1,-106246,-126218,50066,65769
24509.1,-106127,-126297,50174,65736
24511.1,-106017,-126222,50353,65760
24513.1,-106025,-126100,50653,65914
24515.1,-105886,-125987,50998,66179
24517.1,-105595,-125952,51285,66502
24519.1,-105374,-125996,51537,66919
24521.1,-105048,-125845,51806,67507
24523.1,-104373,-125275,52041,68233
24525.1,-103683,-124603,52170,68975
24527.1,-103356,-124205,52152,69624
24529.1,-103177,-123763,51907,70119
24531.1,-102891,-122834,51393,70453
24533.1,-102696,-121846,50712,70645
24535.1,-102787,-121562,49943,70594
24537.1,-103106,-122003,49015,70024
24539.1,-103654,-122760,47883,68766
24541.1,-104436,-123781,46679,67032
24543.1,-105212,-124997,45582,65309
24545.1,-105744,-125856,44731,63997
24547.1,-106067,-126023,44279,63239
24549.1,-106269,-125997,44333,62992
24551.1,-106297,-126329,44798,63115
24553.07,-106113,-126734,45396,63373
24555.05,-105861,-126663,45926,63578
24557.03,-105733,-126313,46464,63790
24559.0,-105770,-126323,47162,64179
24561.0,-105841,-126679,47932,64683
24563.0,-105797,-126777,48525,65061
24565.0,-105643,-126485,48889,65254
24567.0,-105549,-126285,49146,65384
24569.0,-105639,-126384,49333,65490
24571.0,-105820,-126499,49440,65550
24573.0,-105905,-126461,49535,65607
24575.0,-105849,-126364,49640,65669
24577.0,-105758,-126252,49690,65690
24579.0,-105725,-126176,49697,65698
24581.0,-105762,-126258,49733,65751
24583.0,-105800,-126417,49789,65809
24585.0,-105736,-126415,49825,65827
24587.0,-105582,-126296,49844,65813
24589.0,-105531,-126305,49848,65786
24591.0,-105692,-126433,49856,65780
24593.0,-105871,-126482,49894,65808
24595.0,-105840,-126443,49910,65792
24597.0,-105676,-126419,49858,65699
24599.0,-105605,-126374,49822,65665
24601.0,-105682,-126259,49873,65760
24603.0,-105803,-126207,49923,65841
24605.0,-105853,-126300,49907,65826
24607.0,-105762,-126367,49895,65808
24609.0,-105595,-126261,49905,65803
24611.0,-105561,-126138,49881,65744
24613.0,-105728,-126188,49863,65691
24615.0,-105868,-126322,49928,65741
24617.0,-105787,-126364,50005,65817
24619.0,-105603,-126333,49997,65810
24621.0,-105520,-126323,49952,65783
24623.0,-105563,-126327,49962,65816
24625.0,-105642,-126317,49998,65855
24627.0,-105673,-126296,50005,65850
24629.0,-105614,-126249,49999,65849
24631.0,-105547,-126194,49994,65858
24633.0,-105616,-126218,49969,65821
24635.0,-105770,-126312,49954,65767
24637.0,-105796,-126327,49998,65784
24639.0,-105655,-126203,50050,65843
24641.0,-105554,-126086,50035,65854
24642.97,-105625,-126080,50003,65837
24644.95,-105764,-126097,50032,65852
24646.93,-105795,-126044,50077,65867
24648.9,-105666,-125980,50081,65856
24650.9,-105494,-125988,50087,65865
24652.9,-105470,-126048,50113,65893
24654.9,-105620,-126116,50124,65893
24656.9,-105727,-126174,50147,65904
24658.9,-105616,-126175,50210,65970
24660.9,-105419,-126069,50236,66014
24662.9,-105380,-125923,50193,65983
24664.9,-105512,-125875,50177,65968
24666.9,-105602,-125924,50216,66008
24668.9,-105538,-125910,50225,66027
24670.9,-105427,-125790,50202,66006
24672.9,-105410,-125730,50225,66015
24674.9,-105470,-125796,50289,66068
24676.9,-105493,-125827,50330,66121
24678.9,-105419,-125732,50355,66169
24680.9,-105299,-125627,50380,66212
24682.9,-105244,-125581,50375,66224
24684.9,-105316,-125554,50351,66224
24686.9,-105435,-125580,50375,66265
24688.9,-105453,-125685,50444,66326
24690.9,-105340,-125728,50464,66329
24692.9,-105220,-125620,50393,66254
24694.9,-105219,-125496,50312,66168
24696.9,-105330,-125503,50309,66151
24698.9,-105432,-125596,50376,66229
24700.9,-105395,-125615,50442,66334
24702.9,-105233,-125464,50461,66378
24704.9,-105131,-125304,50464,66379
24706.9,-105222,-125438,50513,66429
24708.9,-105358,-125802,50599,66516
24710.9,-105319,-125913,50635,66520
24712.9,-105149,-125638,50587,66431
24714.9,-105075,-125451,50552,66392
24716.9,-105163,-125591,50597,66452
24718.9,-105258,-125672,50645,66505
24720.9,-105203,-125494,50651,66522
24722.88,-105010,-125419,50697,66602
24724.85,-104880,-125596,50782,66717
24726.82,-104983,-125663,50776,66716
24728.8,-105178,-125503,50705,66641
24730.8,-105148,-125463,50732,66666
24732.8,-104885,-125615,50827,66757
24734.8,-104708,-125616,50823,66753
24736.8,-104767,-125420,50736,66682
24738.8,-104880,-125331,50699,66675
24740.8,-104856,-125375,50707,66708
24742.8,-104714,-125324,50701,66713
24744.8,-104616,-125197,50704,66723
24746.8,-104704,-125166,50728,66764
24748.8,-104928,-125196,50731,66787
24750.8,-105063,-125212,50711,66778
24752.8,-105008,-125286,50706,66766
24754.8,-104910,-125415,50720,66767
24756.8,-104914,-125448,50746,66785
24758.8,-104982,-125362,50772,66824
24760.8,-105011,-125270,50777,66856
24762.8,-104953,-125185,50766,66856
24764.8,-104806,-125049,50772,66853
24766.8,-104659,-124925,50795,66875
24768.8,-104646,-124939,50804,66893
24770.8,-104774,-125057,50790,66874
24772.8,-104864,-125124,50764,66830
24774.8,-104765,-125086,50730,66790
24776.8,-104576,-125036,50703,66775
24778.8,-104557,-125047,50717,66803
24780.8,-104771,-125085,50781,66876
24782.8,-104957,-125085,50843,66943
24784.8,-104894,-125017,50850,66948
24786.8,-104738,-124909,50811,66892
24788.8,-104758,-124848,50778,66832
24790.8,-104932,-124884,50781,66800
24792.8,-105047,-124953,50799,66787
24794.8,-105016,-124986,50793,66772
24796.8,-104940,-125007,50757,66740
24798.8,-104963,-125037,50727,66698
24800.8,-105111,-125027,50731,66674
24802.78,-105234,-124971,50755,66686
24804.75,-105188,-124959,50782,66713
24806.72,-105081,-125034,50801,66712
24808.7,-105122,-125116,50782,66665
24810.7,-105282,-125133,50720,66604
24812.7,-105365,-125127,50676,66579
24814.7,-105314,-125151,50685,66586
24816.7,-105238,-125152,50695,66576
24818.7,-105243,-125098,50677,66547
24820.7,-105369,-125114,50690,66556
24822.7,-105545,-125263,50746,66598
24824.7,-105596,-125338,50758,66590
24826.7,-105471,-125167,50685,66506
24828.7,-105351,-124968,50595,66410
24830.7,-105399,-125055,50555,66360
24832.7,-105549,-125317,50556,66353
24834.7,-105633,-125372,50551,66345
24836.7,-105575,-125143,50506,66299
24838.7,-105440,-124958,50440,66225
24840.7,-105395,-125044,50413,66188
24842.7,-105526,-125234,50449,66230
24844.7,-105692,-125293,50499,66306
24846.7,-105688,-125275,50521,66350
24848.7,-105545,-125339,50524,66342
24850.7,-105490,-125471,50517,66303
24852.7,-105625,-125624,50506,66274
24854.7,-105800,-125799,50508,66274
24856.7,-105808,-125819,50502,66265
24858.7,-105668,-125532,50447,66202
24860.7,-105615,-125244,50373,66131
24862.7,-105766,-125333,50349,66131
24864.7,-105915,-125598,50374,66189
24866.7,-105833,-125658,50406,66244
24868.7,-105586,-125594,50423,66266
24870.7,-105422,-125605,50407,66249
24872.7,-105475,-125596,50362,66201
24874.7,-105658,-125546,50330,66154
24876.7,-105758,-125630,50321,66126
24878.7,-105654,-125773,50305,66112
24880.7,-105481,-125711,50290,66119
24882.68,-105467,-125507,50272,66125
24884.65,-105630,-125468,50206,66083
24886.63,-105776,-125642,50133,66045
24888.6,-105756,-125763,50154,66092
24890.6,-105609,-125649,50209,66150
24892.6,-105515,-125423,50167,66095
24894.6,-105600,-125344,50072,65996
24896.6,-105752,-125500,50056,65984
24898.6,-105748,-125735,50099,66025
24900.6,-105593,-125862,50112,66036
24902.6,-105504,-125848,50097,66026
24904.6,-105579,-125785,50075,66014
24906.6,-105699,-125731,50035,65976
24908.6,-105728,-125677,50003,65946
24910.6,-105636,-125648,50000,65959
24912.6,-105512,-125691,49982,65960
24914.6,-105519,-125753,49928,65905
24916.6,-105692,-125742,49895,65852
24918.6,-105814,-125668,49896,65845
24920.6,-105701,-125602,49884,65848
24922.6,-105512,-125568,49858,65839
24924.6,-105522,-125587,49857,65848
24926.6,-105710,-125672,49867,65878
24928.6,-105825,-125733,49852,65894
24930.6,-105764,-125683,49815,65871
24932.6,-105669,-125623,49766,65808
24934.6,-105699,-125704,49718,65730
24936.6,-105834,-125853,49707,65696
24938.6,-105918,-125887,49730,65715
24940.6,-105857,-125805,49714,65718
24942.6,-105755,-125746,49652,65681
24944.6,-105764,-125729,49639,65675
24946.6,-105865,-125686,49680,65712
24948.6,-105930,-125665,49664,65699
24950.6,-105899,-125747,49573,65623
24952.6,-105804,-125843,49510,65574
24954.6,-105727,-125832,49501,65575
24956.6,-105768,-125789,49491,65573
24958.6,-105930,-125834,49476,65564
24960.6,-106045,-125908,49458,65566
24962.57,-105995,-125929,49428,65562
24964.55,-105879,-125943,49410,65553
24966.53,-105853,-125951,49395,65531
24968.5,-105932,-125897,49324,65459
24970.5,-106014,-125846,49240,65368
24972.5,-105975,-125861,49227,65337
24974.5,-105792,-125836,49223,65326
24976.5,-105646,-125736,49187,65288
24978.5,-105725,-125672,49225,65311
24980.5,-105910,-125592,49324,65417
24982.5,-105919,-125359,49332,65483
24984.5,-105754,-125152,49311,65515
24986.5,-105665,-125195,49437,65638
24988.5,-105752,-125283,49601,65779
24990.5,-105902,-125163,49608,65776
24992.5,-105976,-125052,49560,65706
24994.5,-105920,-125235,49629,65732
24996.5,-105815,-125537,49727,65811
24998.5,-105833,-125647,49734,65831
25000.5,-105972,-125609,49714,65828
25002.5,-105999,-125608,49749,65881
25004.5,-105806,-125580,49778,65940
25006.5,-105623,-125394,49720,65909
25008.5,-105697,-125205,49644,65839
25010.5,-105910,-125211,49689,65879
25012.5,-105944,-125253,49844,66035
25014.5,-105792,-125114,49945,66142
25016.5,-105739,-124922,49927,66135
25018.5,-105795,-124834,49893,66127
25020.5,-105719,-124725,49900,66180
25022.5,-105612,-124548,49890,66231
25024.5,-105700,-124488,49854,66251
25026.5,-105734,-124570,49835,66271
25028.5,-105491,-124644,49819,66273
25030.5,-105371,-124715,49772,66215
25032.5,-105623,-124815,49718,66116
25034.5,-105796,-124813,49693,66037
25036.5,-105656,-124716,49680,66003
25038.5,-105581,-124732,49636,65968
25040.5,-105694,-124866,49565,65899
25042.5,-105730,-124942,49525,65855
25044.5,-105749,-124990,49529,65870
25046.5,-105951,-125148,49500,65851
25048.5,-106117,-125353,49383,65735
25050.5,-106023,-125514,49215,65585
25052.47,-105914,-125708,49030,65444
25054.45,-105983,-125933,48855,65296
25056.43,-106021,-126042,48755,65192
25058.4,-105907,-126051,48735,65170
25060.4,-105848,-126108,48701,65149
25062.4,-105959,-126201,48614,65075
25064.4,-106114,-126262,48532,65008
25066.4,-106212,-126361,48469,64964
25068.4,-106238,-126489,48404,64901
25070.4,-106165,-126467,48359,64834
25072.4,-106067,-126320,48330,64798
25074.4,-106100,-126301,48273,64764
25076.4,-106248,-126439,48217,64730
25078.4,-106306,-126497,48230,64749
25080.4,-106171,-126382,48278,64807
25082.4,-105977,-126244,48271,64826
25084.4,-105937,-126231,48203,64775
25086.4,-106077,-126317,48143,64704
25088.4,-106177,-126355,48131,64670
25090.4,-106062,-126282,48135,64669
25092.4,-105864,-126208,48099,64647
25094.4,-105807,-126199,48034,64592
25096.4,-105902,-126193,48018,64570
25098.4,-106022,-126193,48076,64618
25100.4,-106061,-126243,48125,64686
25102.4,-105979,-126227,48111,64715
25104.4,-105896,-126103,48099,64711
25106.4,-106020,-126084,48165,64701
25108.4,-106281,-126233,48277,64693
25110.4,-106369,-126295,48386,64690
25112.4,-106245,-126191,48549,64721
25114.4,-106153,-126146,48847,64839
25116.4,-106148,-126204,49221,65092
25118.4,-106085,-126187,49559,65454
25120.4,-105906,-126054,49841,65852
25122.4,-105579,-125847,50123,66314
25124.4,-105048,-125481,50424,66979
25126.4,-104453,-124941,50705,67828
25128.4,-104010,-124397,50869,68584
25130.4,-103676,-123914,50789,69087
25132.38,-103314,-123342,50435,69484
25134.35,-103025,-122609,49875,69849
25136.32,-103034,-121945,49125,69915
25138.3,-103415,-121769,48128,69385
25140.3,-104062,-122364,46929,68241
25142.3,-104756,-123534,45696,66653
25144.3,-105356,-124686,44546,64894
25146.3,-105947,-125473,43534,63350
25148.3,-106606,-126064,42800,62342
25150.3,-107111,-126581,42528,61903
25152.3,-107210,-126797,42721,61857
25154.3,-106981,-126689,43147,62009
25156.3,-106670,-126665,43558,62212
25158.3,-106451,-126922,43921,62395
25160.3,-106413,-127187,44372,62620
25162.3,-106478,-127259,44947,62944
25164.3,-106401,-127226,45489,63273
25166.3,-106137,-127142,45878,63491
25168.3,-105973,-127014,46173,63632
25170.3,-106080,-126951,46429,63750
25172.3,-106242,-126978,46599,63816
25174.3,-106209,-126949,46668,63819
25176.3,-106035,-126823,46707,63813
25178.3,-105960,-126755,46782,63852
25180.3,-106077,-126806,46901,63969
25182.3,-106217,-126816,47004,64116
25184.3,-106166,-126669,47013,64170
25186.3,-105984,-126503,46973,64130
25188.3,-105912,-126494,46992,64129
25190.3,-106005,-126535,47016,64152
25192.3,-106083,-126447,46959,64096
25194.3,-106031,-126364,46937,64063
25196.3,-105898,-126462,47023,64154
25198.3,-105806,-126547,47041,64194
25200.3,-105869,-126447,46916,64077
25202.3,-106055,-126425,46866,64010
25204.3,-106144,-126625,46968,64104
25206.3,-106028,-126698,47012,64175
25208.3,-105878,-126506,46933,64138
25210.3,-105865,-126427,46888,64122
25212.28,-105958,-126587,46901,64142
25214.25,-106063,-126636,46854,64083
25216.22,-106095,-126512,46774,63965
25218.2,-105978,-126500,46759,63903
25220.2,-105811,-126573,46760,63902
25222.2,-105811,-126496,46727,63930
25224.2,-105951,-126371,46745,64020
25226.2,-105975,-126364,46820,64135
25228.2,-105826,-126331,46811,64144
25230.2,-105727,-126208,46715,64060
25232.2,-105809,-126216,46686,64035
25234.2,-105950,-126370,46714,64076
25236.2,-105966,-126406,46663,64056
25238.2,-105831,-126296,46591,64001
25240.2,-105708,-126251,46625,64030
25242.2,-105766,-126276,46680,64085
25244.2,-105944,-126257,46638,64053
25246.2,-105989,-126227,46572,63981
25248.2,-105819,-126197,46550,63941
25250.2,-105664,-126097,46511,63906
25252.2,-105716,-126056,46458,63870
25254.2,-105854,-126229,46447,63843
25256.2,-105854,-126408,46432,63792
25258.2,-105718,-126338,46396,63754
25260.2,-105625,-126167,46415,63820
25262.2,-105668,-126105,46466,63928
25264.2,-105787,-126052,46439,63947
25266.2,-105866,-125936,46376,63926
25268.2,-105848,-125905,46371,63963
25270.2,-105785,-125971,46387,64004
25272.2,-105794,-126018,46379,64001
25274.2,-105905,-126135,46397,64012
25276.2,-105991,-126361,46422,64030
25278.2,-105924,-126361,46376,63990
25280.2,-105738,-125958,46286,63928
25282.2,-105604,-125600,46224,63907
25284.2,-105645,-125724,46204,63916
25286.2,-105793,-126082,46246,63963
25288.2,-105853,-126177,46348,64068
25290.2,-105716,-126017,46404,64141
25292.18,-105522,-125963,46340,64102
25294.15,-105498,-126070,46256,64045
25296.13,-105647,-126063,46250,64066
25298.1,-105718,-125890,46275,64116
25300.1,-105571,-125823,46275,64142
25302.1,-105382,-125930,46278,64180
25304.1,-105369,-125953,46295,64239
25306.1,-105489,-125830,46313,64294
25308.1,-105548,-125807,46346,64351
25310.1,-105461,-125935,46372,64394
25312.1,-105318,-125974,46329,64354
25314.1,-105272,-125838,46241,64245
25316.1,-105377,-125718,46212,64179
25318.1,-105460,-125769,46264,64200
25320.1,-105317,-125912,46331,64259
25322.1,-105062,-125935,46357,64316
25324.1,-105014,-125764,46326,64354
25326.1,-105187,-125590,46275,64373
25328.1,-105279,-125620,46280,64414
25330.1,-105159,-125717,46333,64481
25332.1,-104996,-125597,46303,64469
25334.1,-104929,-125340,46156,64334
25336.1,-104962,-125291,46061,64237
25338.1,-105068,-125475,46111,64286
25340.1,-105152,-125567,46147,64345
25342.1,-105073,-125456,46065,64310
25344.1,-104863,-125368,46001,64308
25346.1,-104746,-125415,46033,64404
25348.1,-104847,-125474,46043,64454
25350.1,-105032,-125482,45987,64406
25352.1,-105068,-125475,45964,64383
25354.1,-104922,-125447,45983,64410
25356.1,-104812,-125410,45957,64406
25358.1,-104898,-125411,45900,64387
25360.1,-105025,-125406,45872,64404
25362.1,-104982,-125314,45863,64423
25364.1,-104832,-125193,45858,64436
25366.1,-104774,-125149,45856,64469
25368.1,-104850,-125178,45827,64479
25370.1,-104964,-125213,45762,64427
25372.07,-105001,-125200,45718,64379
25374.05,-104910,-125119,45700,64368
25376.03,-104816,-125051,45659,64340
25378.0,-104911,-125105,45608,64287
25380.0,-105130,-125207,45614,64281
25382.0,-105191,-125181,45678,64348
25384.0,-105036,-125075,45721,64417
25386.0,-104916,-125065,45681,64396
25388.0,-104998,-125100,45597,64297
25390.0,-105162,-125032,45567,64235
25392.0,-105211,-124952,45599,64239
25394.0,-105117,-125024,45593,64203
25396.0,-105045,-125178,45536,64100
25398.0,-105140,-125273,45523,64047
25400.0,-105298,-125288,45556,64069
25402.0,-105317,-125234,45556,64067
25404.0,-105231,-125133,45523,64027
25406.0,-105208,-125077,45494,63993
25408.0,-105246,-125086,45457,63955
25410.0,-105251,-125077,45438,63930
25412.0,-105263,-125075,45468,63947
25414.0,-105318,-125136,45473,63922
25416.0,-105329,-125132,45384,63782
25418.0,-105300,-125014,45290,63654
25420.0,-105372,-125006,45283,63666
25422.0,-105523,-125190,45316,63737
25424.0,-105555,-125296,45317,63742
25426.0,-105445,-125202,45279,63689
25428.0,-105412,-125125,45225,63639
25430.0,-105561,-125207,45186,63608
25432.0,-105742,-125354,45178,63589
25434.0,-105773,-125458,45170,63566
25436.0,-105633,-125480,45125,63520
25438.0,-105462,-125419,45058,63444
25440.0,-105436,-125340,44994,63368
25442.0,-105584,-125315,44961,63350
25444.0,-105723,-125350,44982,63418
25446.0,-105684,-125406,45010,63484
25448.0,-105549,-125418,44957,63432
25450.0,-105518,-125357,44852,63313
25451.97,-105635,-125345,44820,63289
25453.95,-105767,-125491,44869,63365
25455.93,-105783,-125634,44882,63386
25457.9,-105689,-125594,44805,63286
25459.9,-105625,-125530,44700,63159
25461.9,-105701,-125677,44647,63109
25463.9,-105824,-125908,44674,63147
25465.9,-105822,-125951,44717,63211
25467.9,-105696,-125837,44684,63226
25469.9,-105616,-125774,44585,63180
25471.9,-105670,-125784,44505,63113
25473.9,-105786,-125763,44443,63049
25475.9,-105848,-125692,44361,62998
25477.9,-105799,-125619,44303,62977
25479.9,-105705,-125573,44298,62961
25481.9,-105708,-125585,44279,62916
25483.9,-105836,-125641,44230,62888
25485.9,-105942,-125674,44216,62931
25487.9,-105908,-125678,44226,62978
25489.9,-105788,-125692,44186,62949
25491.9,-105693,-125649,44119,62880
25493.9,-105688,-125525,44086,62834
25495.9,-105754,-125486,44068,62794
25497.9,-105781,-125597,44030,62747
25499.9,-105678,-125618,43999,62725
25501.9,-105549,-125440,43970,62721
25503.9,-105578,-125321,43908,62685
25505.9,-105722,-125424,43839,62633
25507.9,-105754,-125539,43822,62633
25509.9,-105624,-125501,43828,62669
25511.9,-105534,-125429,43781,62656
25513.9,-105617,-125433,43688,62579
25515.9,-105761,-125460,43631,62519
25517.9,-105807,-125463,43634,62515
25519.9,-105707,-125415,43647,62527
25521.9,-105531,-125289,43651,62533
25523.9,-105471,-125197,43685,62570
25525.9,-105658,-125269,43751,62646
25527.9,-105858,-125343,43798,62707
25529.9,-105785,-125172,43800,62722
25531.9,-105619,-124911,43780,62707
25533.9,-105628,-124879,43756,62671
25535.9,-105649,-125013,43728,62620
25537.9,-105570,-125073,43713,62584
25539.8,-105639,-125082,43720,62586
25541.8,-105805,-125098,43711,62578
25543.8,-105695,-124994,43648,62520
25545.8,-105449,-124776,43578,62475
25547.8,-105495,-124663,43577,62523
25549.8,-105687,-124688,43628,62611
25551.8,-105664,-124623,43664,62655
25553.8,-105552,-124392,43688,62684
25555.8,-105568,-124189,43726,62736
25557.8,-105610,-124175,43744,62756
25559.8,-105616,-124269,43726,62730
25561.8,-105658,-124265,43708,62725
25563.8,-105649,-124075,43672,62728
25565.8,-105492,-123853,43584,62684
25567.8,-105367,-123833,43504,62646
25569.8,-105435,-124031,43480,62663
25571.8,-105545,-124223,43466,62674
25573.8,-105475,-124274,43431,62641
25575.8,-105264,-124284,43396,62603
25577.8,-105144,-124339,43342,62539
25579.8,-105240,-124382,43252,62425
25581.8,-105451,-124363,43177,62337
25583.8,-105588,-124276,43127,62308
25585.8,-105605,-124157,43052,62262
25587.8,-105608,-124182,42962,62184
25589.8,-105671,-124532,42910,62138
25591.8,-105776,-125070,42863,62103
25593.8,-105892,-125466,42758,62005
25595.8,-105951,-125604,42604,61856
25597.8,-105865,-125601,42451,61717
25599.8,-105740,-125613,42337,61606
25601.8,-105799,-125747,42268,61522
25603.8,-105951,-125897,42217,61471
25605.8,-105870,-125805,42171,61453
25607.8,-105606,-125532,42144,61451
25609.8,-105540,-125496,42138,61448
25611.8,-105710,-125776,42126,61437
25613.8,-105800,-125974,42103,61415
25615.8,-105696,-125878,42079,61375
25617.8,-105565,-125692,42049,61315
25619.8,-105538,-125599,42014,61263
25621.78,-105628,-125590,41985,61250
25623.75,-105749,-125597,41957,61274
25625.72,-105724,-125525,41914,61293
25627.7,-105523,-125378,41858,61254
25629.7,-105380,-125354,41808,61175
25631.7,-105463,-125550,41795,61147
25633.7,-105641,-125759,41812,61192
25635.7,-105724,-125801,41786,61192
25637.7,-105689,-125753,41687,61081
25639.7,-105599,-125700,41605,60972
25641.7,-105538,-125603,41601,60959
25643.7,-105592,-125485,41627,61001
25645.7,-105735,-125443,41653,61044
25647.7,-105831,-125480,41703,61058
25649.7,-105810,-125485,41747,60990
25651.7,-105754,-125412,41753,60867
25653.7,-105775,-125364,41805,60810
25655.7,-105878,-125435,41996,60861
25657.7,-105939,-125550,42286,60983
25659.7,-105820,-125571,42585,61207
25661.7,-105537,-125520,42870,61572
25663.7,-105248,-125472,43157,62032
25665.7,-104990,-125298,43448,62604
25667.7,-104587,-124807,43737,63372
25669.7,-103963,-124112,43974,64227
25671.7,-103353,-123477,44047,64917
25673.7,-103028,-122888,43875,65408
25675.7,-102976,-122153,43483,65871
25677.7,-102995,-121366,42930,66287
25679.7,-103001,-120869,42193,66356
25681.7,-103146,-120912,41212,65767
25683.7,-103638,-121586,40027,64443
25685.7,-104457,-122791,38803,62629
25687.7,-105307,-124034,37712,60818
25689.7,-105901,-124755,36829,59424
25691.7,-106215,-124971,36198,58525
25693.7,-106374,-125101,35956,58054
25695.7,-106413,-125291,36190,58003
25697.7,-106283,-125421,36688,58233
25699.7,-106005,-125460,37115,58433
25701.68,-105708,-125461,37462,58524
25703.65,-105538,-125490,37967,58736
25705.63,-105535,-125617,38613,59123
25707.6,-105573,-125726,39122,59439
25709.6,-105489,-125601,39435,59597
25711.6,-105301,-125313,39722,59746
25713.6,-105208,-125101,39974,59891
25715.6,-105312,-124988,40081,59928
25717.6,-105469,-124944,40150,59946
25719.6,-105487,-125061,40309,60055
25721.6,-105361,-125236,40440,60140
25723.6,-105239,-125215,40453,60138
25725.6,-105225,-125032,40458,60166
25727.6,-105325,-124886,40461,60188
25729.6,-105467,-124785,40359,60067
25731.6,-105508,-124788,40275,59949
25733.6,-105373,-125095,40390,60048
25735.6,-105212,-125524,40559,60200
25737.6,-105220,-125602,40560,60168
25739.6,-105329,-125356,40493,60078
25741.6,-105316,-125222,40520,60113
25743.6,-105160,-125211,40550,60170
25745.6,-105065,-125052,40482,60135
25747.6,-105167,-124899,40431,60111
25749.6,-105351,-124999,40476,60166
25751.6,-105372,-125090,40513,60205
25753.6,-105169,-124938,40470,60170
25755.6,-105008,-124839,40424,60121
25757.6,-105132,-124978,40424,60091
25759.6,-105353,-125066,40416,60048
25761.6,-105314,-124963,40394,60015
25763.6,-105049,-124893,40416,60043
25765.6,-104906,-124950,40457,60108
25767.6,-105008,-125009,40451,60141
25769.6,-105151,-125010,40431,60136
25771.6,-105161,-124928,40435,60116
25773.6,-105059,-124749,40406,60058
25775.6,-104947,-124605,40324,59962
25777.6,-104919,-124611,40272,59890
25779.6,-105013,-124665,40279,59866
25781.57,-105142,-124671,40295,59868
25783.55,-105146,-124662,40318,59892
25785.53,-104998,-124618,40360,59926
25787.5,-104867,-124510,40370,59928
25789.5,-104907,-124459,40331,59900
25791.5,-105037,-124516,40289,59868
25793.5,-105039,-124503,40260,59827
25795.5,-104881,-124351,40237,59793
25797.5,-104775,-124267,40237,59797
25799.5,-104870,-124371,40256,59804
25801.5,-105048,-124503,40251,59772
25803.5,-105087,-124491,40218,59736
25805.5,-104914,-124341,40196,59734
25807.5,-104671,-124171,40213,59754
25809.5,-104605,-124122,40266,59802
25811.5,-104793,-124205,40306,59867
25813.5,-104989,-124222,40272,59869
25815.5,-104911,-124063,40192,59801
25817.5,-104657,-123931,40158,59758
25819.5,-104553,-123985,40189,59778
25821.5,-104667,-124035,40237,59822
25823.5,-104748,-123934,40285,59876
25825.5,-104630,-123825,40311,59919
25827.5,-104439,-123785,40274,59896
25829.5,-104396,-123719,40217,59841
25831.5,-104535,-123676,40224,59847
25833.5,-104659,-123758,40268,59885
25835.5,-104584,-123834,40248,59860
25837.5,-104393,-123767,40177,59796
25839.5,-104324,-123667,40163,59794
25841.5,-104433,-123642,40232,59866
25843.5,-104537,-123610,40292,59926
25845.5,-104496,-123498,40275,59918
25847.5,-104354,-123347,40223,59891
25849.5,-104231,-123246,40222,59919
25851.5,-104224,-123262,40268,59977
25853.5,-104337,-123315,40271,59966
25855.5,-104441,-123240,40213,59885
25857.5,-104381,-123094,40204,59864
25859.5,-104178,-123089,40306,59954
25861.47,-104018,-123164,40408,60038
25863.45,-104028,-123109,40394,60016
25865.43,-104126,-122986,40332,59960
25867.4,-104113,-122924,40334,59964
25869.4,-103918,-122789,40355,59985
25871.4,-103732,-122573,40307,59948
25873.4,-103766,-122594,40259,59913
25875.4,-103928,-122856,40303,59963
25877.4,-103944,-122899,40354,60023
25879.4,-103771,-122649,40320,60000
25881.4,-103639,-122593,40298,59976
25883.4,-103702,-122851,40374,60047
25885.4,-103854,-122991,40438,60126
25887.4,-103867,-122863,40398,60108
25889.4,-103684,-122773,40342,60050
25891.4,-103521,-122819,40346,60040
25893.4,-103597,-122820,40358,60060
25895.4,-103791,-122751,40334,60060
25897.4,-103808,-122681,40289,60015
25899.4,-103617,-122532,40219,59925
25901.4,-103470,-122313,40146,59853
25903.4,-103548,-122251,40148,59881
25905.4,-103770,-122430,40230,59980
25907.4,-103873,-122636,40306,60056
25909.4,-103702,-122657,40330,60078
25911.4,-103446,-122494,40308,60045
25913.4,-103420,-122285,40243,59949
25915.4,-103597,-122216,40173,59847
25917.4,-103709,-122370,40184,59847
25919.4,-103691,-122552,40271,59925
25921.4,-103651,-122502,40322,59948
25923.4,-103612,-122309,40304,59895
25925.4,-103628,-122268,40306,59868
25927.4,-103770,-122373,40354,59882
25929.4,-103877,-122357,40365,59849
25931.4,-103764,-122193,40331,59776
25933.4,-103637,-122102,40341,59754
25935.4,-103740,-122138,40397,59771
25937.4,-103896,-122159,40428,59750
25939.4,-103874,-122139,40442,59701
25941.38,-103794,-122160,40477,59679
25943.35,-103805,-122176,40492,59663
25945.32,-103855,-122110,40468,59639
25947.3,-103933,-122039,40481,59650
25949.3,-104048,-122048,40547,59673
25951.3,-104051,-122071,40576,59625
25953.3,-103899,-122038,40546,59526
25955.3,-103850,-121997,40545,59485
25957.3,-104064,-122020,40616,59531
25959.3,-104325,-122087,40699,59585
25961.3,-104361,-122106,40721,59577
25963.3,-104208,-122041,40685,59514
25965.3,-104121,-121977,40656,59450
25967.3,-104236,-121983,40664,59414
25969.3,-104392,-121999,40672,59389
25971.3,-104350,-121958,40672,59379
25973.3,-104149,-121897,40697,59393
25975.3,-104040,-121850,40722,59382
25977.3,-104100,-121830,40708,59321
25979.3,-104192,-121910,40700,59281
25981.3,-104216,-122048,40723,59280
25983.3,-104178,-122021,40720,59249
25985.3,-104121,-121821,40695,59201
25987.3,-104129,-121762,40696,59187
25989.3,-104231,-121923,40684,59151
25991.3,-104313,-122002,40647,59086
25993.3,-104267,-121884,40685,59108
25995.3,-104149,-121776,40779,59190
25997.3,-104089,-121754,40776,59164
25999.3,-104149,-121746,40702,59069
26001.3,-104282,-121782,40714,59067
26003.3,-104337,-121837,40771,59110
26005.3,-104220,-121792,40742,59070
26007.3,-104091,-121727,40681,59005
26009.3,-104157,-121753,40681,58991
26011.3,-104323,-121695,40680,58969
26013.3,-104337,-121509,40632,58928
26015.3,-104201,-121517,40617,58942
26017.3,-104132,-121699,40640,58973
26019.3,-104220,-121617,40606,58929
26021.28,-104358,-121352,40557,58874
26023.25,-104390,-121431,40614,58912
26025.22,-104245,-121746,40710,58960
26027.2,-104081,-121762,40692,58895
26029.2,-104162,-121559,40608,58794
26031.2,-104419,-121520,40599,58781
26033.2,-104468,-121563,40636,58813
26035.2,-104290,-121604,40651,58825
26037.2,-104274,-121849,40699,58869
26039.2,-104447,-122069,40772,58920
26041.2,-104445,-121782,40746,58862
26043.2,-104286,-121304,40660,58752
26045.2,-104255,-121302,40697,58768
26047.2,-104227,-121536,40826,58875
26049.2,-104013,-121403,40873,58898
26051.2,-103915,-121134,40861,58857
26053.2,-104120,-121195,40935,58887
26055.2,-104278,-121333,41076,58987
26057.2,-104194,-121232,41198,59094
26059.2,-104108,-121148,41310,59198
26061.2,-104097,-121239,41405,59261
26063.2,-104039,-121219,41422,59232
26065.2,-104052,-121031,41385,59153
26067.2,-104240,-120990,41383,59112
26069.2,-104349,-121135,41428,59114
26071.2,-104195,-121158,41460,59129
26073.2,-104029,-120966,41468,59149
26075.2,-104097,-120762,41481,59171
26077.2,-104233,-120637,41499,59185
26079.2,-104179,-120487,41517,59204
26081.2,-104017,-120297,41569,59256
26083.2,-104015,-120167,41670,59349
26085.2,-104186,-120093,41759,59436
26087.2,-104271,-119990,41782,59460
26089.2,-104117,-119854,41790,59443
26091.2,-103855,-119734,41830,59438
26093.2,-103713,-119656,41839,59431
26095.2,-103774,-119654,41791,59391
26097.2,-103920,-119748,41773,59365
26099.2,-103976,-119853,41819,59391
26101.18,-103900,-119895,41852,59418
26103.15,-103809,-119922,41856,59406
26105.13,-103819,-119973,41890,59391
26107.1,-103919,-120000,41934,59387
26109.1,-104005,-120004,41930,59363
26111.1,-104015,-120048,41907,59329
26113.1,-103995,-120109,41908,59313
26115.1,-104026,-120122,41900,59281
26117.1,-104109,-120150,41855,59201
26119.1,-104179,-120293,41797,59109
26121.1,-104201,-120504,41723,59026
26123.1,-104177,-120675,41616,58913
26125.1,-104153,-120806,41508,58756
26127.1,-104215,-120957,41428,58610
26129.1,-104369,-121133,41358,58505
26131.1,-104449,-121271,41285,58416
26133.1,-104328,-121282,41226,58336
26135.1,-104161,-121152,41194,58304
26137.1,-104182,-121050,41196,58328
26139.1,-104336,-121124,41236,58359
26141.1,-104372,-121241,41287,58345
26143.1,-104238,-121196,41315,58304
26145.1,-104120,-121101,41335,58292
26147.1,-104154,-121167,41371,58302
26149.1,-104293,-121278,41395,58277
26151.1,-104392,-121194,41376,58212
26153.1,-104317,-120949,41346,58173
26155.1,-104104,-120723,41355,58199
26157.1,-103974,-120619,41418,58258
26159.1,-104051,-120708,41510,58307
26161.1,-104191,-120946,41590,58333
26163.1,-104228,-121080,41628,58329
26165.1,-104193,-120980,41635,58293
26167.1,-104177,-120861,41638,58238
26169.1,-104185,-120900,41639,58192
26171.1,-104195,-120952,41648,58185
26173.1,-104194,-120866,41702,58232
26175.1,-104153,-120732,41805,58294
26177.1,-104097,-120678,41884,58284
26179.1,-104136,-120699,41907,58182
26181.07,-104303,-120764,41964,58095
26183.05,-104445,-120868,42136,58106
26185.03,-104390,-120957,42400,58186
26187.0,-104180,-120959,42718,58324
26189.0,-104031,-120952,43075,58590
26191.0,-103999,-121079,43407,58985
26193.0,-103838,-121196,43663,59452
26195.0,-103318,-120877,43902,60061
26197.0,-102606,-120007,44146,60861
26199.0,-102056,-119038,44275,61684
26201.0,-101748,-118373,44248,62388
26203.0,-101494,-117861,44144,63064
26205.0,-101240,-117169,43897,63707
26207.0,-101135,-116332,43340,64068
26209.0,-101306,-115770,42550,63978
26211.0,-101778,-115934,41727,63403
26213.0,-102447,-116888,40819,62201
26215.0,-103077,-118152,39713,60381
26217.0,-103533,-119146,38609,58459
26219.0,-103958,-119719,37820,57045
26221.0,-104451,-120047,37440,56275
26223.0,-104785,-120267,37443,55966
26225.0,-104729,-120460,37818,55971
26227.0,-104406,-120694,38442,56164
26229.0,-104124,-120913,39128,56419
26231.0,-104052,-121022,39815,56720
26233.0,-104137,-121057,40505,57082
26235.0,-104193,-121075,41121,57427
26237.0,-104089,-121039,41620,57708
26239.0,-103918,-120935,42048,57959
26241.0,-103873,-120826,42390,58156
26243.0,-103979,-120757,42578,58229
26245.0,-104087,-120717,42659,58229
26247.0,-104071,-120685,42741,58239
26249.0,-103950,-120637,42819,58235
26251.0,-103867,-120550,42866,58205
26253.0,-103921,-120440,42945,58236
26255.0,-104012,-120352,43072,58343
26257.0,-103962,-120323,43166,58415
26259.0,-103795,-120342,43215,58418
26260.97,-103718,-120358,43289,58422
26262.95,-103835,-120358,43372,58441
26264.93,-104023,-120403,43416,58437
26266.9,-104064,-120492,43455,58433
26268.9,-103892,-120505,43509,58448
26270.9,-103714,-120383,43527,58446
26272.9,-103762,-120259,43533,58439
26274.9,-103946,-120228,43602,58480
26276.9,-103953,-120193,43698,58543
26278.9,-103715,-120089,43751,58567
26280.9,-103515,-120079,43801,58576
26282.9,-103576,-120279,43892,58607
26284.9,-103786,-120497,43952,58623
26286.9,-103876,-120485,43951,58593
26288.9,-103737,-120277,43978,58571
26290.9,-103513,-120057,44069,58592
26292.9,-103415,-119889,44142,58627
26294.9,-103481,-119773,44179,58659
26296.9,-103577,-119768,44260,58715
26298.9,-103603,-119841,44394,58791
26300.9,-103558,-119812,44481,58822
26302.9,-103483,-119631,44483,58771
26304.9,-103451,-119523,44493,58711
26306.9,-103499,-119625,44563,58720
26308.9,-103516,-119701,44619,58741
26310.9,-103387,-119540,44621,58702
26312.9,-103221,-119400,44663,58692
26314.9,-103215,-119582,44803,58800
26316.9,-103355,-119821,44930,58916
26318.9,-103449,-119732,44954,58916
26320.9,-103391,-119530,44955,58869
26322.9,-103267,-119580,45010,58867
26324.9,-103274,-119711,45065,58860
26326.9,-103468,-119701,45098,58830
26328.9,-103600,-119771,45188,58864
26330.9,-103425,-119977,45339,58976
26332.9,-103138,-119965,45453,59074
26334.9,-103115,-119742,45493,59115
26336.9,-103335,-119696,45511,59128
26338.9,-103458,-119757,45540,59138
26340.88,-103332,-119563,45567,59149
26342.85,-103120,-119229,45590,59155
26344.82,-103056,-119130,45627,59149
26346.8,-103212,-119295,45709,59173
26348.8,-103392,-119527,45836,59262
26350.8,-103319,-119639,45947,59347
26352.8,-103031,-119465,45983,59349
26354.8,-102846,-119116,45993,59333
26356.8,-102887,-118969,46074,59410
26358.8,-102970,-119079,46214,59543
26360.8,-102946,-119121,46324,59615
26362.8,-102845,-119036,46378,59613
26364.8,-102761,-119056,46417,59603
26366.8,-102773,-119139,46464,59602
26368.8,-102874,-119059,46521,59599
26370.8,-102936,-118879,46596,59621
26372.8,-102863,-118782,46680,59678
26374.8,-102721,-118717,46743,59735
26376.8,-102619,-118616,46800,59779
26378.8,-102611,-118591,46885,59840
26380.8,-102677,-118654,46980,59915
26382.8,-102697,-118639,47043,59954
26384.8,-102559,-118536,47081,59951
26386.8,-102377,-118513,47140,59957
26388.8,-102367,-118575,47217,59992
26390.8,-102487,-118569,47273,60018
26392.8,-102500,-118474,47307,60019
26394.8,-102354,-118377,47368,60052
26396.8,-102227,-118278,47471,60144
26398.8,-102256,-118179,47549,60222
26400.8,-102375,-118182,47559,60219
26402.8,-102398,-118289,47563,60192
26404.8,-102244,-118347,47610,60210
26406.8,-102092,-118317,47656,60235
26408.8,-102161,-118321,47670,60224
26410.8,-102350,-118341,47693,60227
26412.8,-102360,-118222,47737,60268
26414.8,-102142,-118004,47770,60301
26416.8,-101932,-117903,47815,60321
26418.8,-101914,-117935,47888,60359
26420.78,-102046,-117931,47942,60383
26422.75,-102160,-117918,47975,60379
26424.72,-102112,-118030,48046,60398
26426.7,-101953,-118089,48111,60417
26428.7,-101893,-117854,48084,60362
26430.7,-102002,-117605,48052,60307
26432.7,-102095,-117741,48129,60362
26434.7,-102039,-117989,48212,60440
26436.7,-101939,-117892,48194,60427
26438.7,-101923,-117696,48197,60416
26440.7,-101959,-117797,48307,60487
26442.7,-101973,-117923,48388,60534
26444.7,-101951,-117779,48380,60511
26446.7,-101891,-117675,48413,60520
26448.7,-101846,-117819,48508,60576
26450.7,-101920,-117932,48548,60597
26452.7,-102092,-117928,48558,60617
26454.7,-102186,-117981,48657,60700
26456.7,-102119,-117956,48776,60750
26458.7,-102019,-117677,48780,60676
26460.7,-102026,-117458,48755,60603
26462.7,-102141,-117591,48856,60668
26464.7,-102268,-117791,49003,60764
26466.7,-102298,-117741,49025,60730
26468.7,-102220,-117653,48980,60631
26470.7,-102196,-117846,49039,60643
26472.7,-102345,-118160,49170,60743
26474.7,-102504,-118214,49214,60773
26476.7,-102449,-118012,49174,60720
26478.7,-102270,-117914,49176,60704
26480.7,-102238,-118045,49240,60748
26482.7,-102377,-118146,49286,60761
26484.7,-102476,-118075,49287,60708
26486.7,-102430,-117999,49288,60662
26488.7,-102355,-118035,49338,60686
26490.7,-102352,-118090,49428,60752
26492.7,-102383,-118100,49498,60792
26494.7,-102404,-118089,49519,60801
26496.7,-102429,-118047,49536,60824
26498.7,-102421,-117970,49583,60857
26500.68,-102328,-117909,49616,60852
26502.65,-102260,-117878,49611,60817
26504.63,-102359,-117850,49614,60805
26506.6,-102503,-117838,49652,60827
26508.6,-102450,-117847,49696,60855
26510.6,-102261,-117814,49718,60873
26512.6,-102211,-117727,49735,60887
26514.6,-102365,-117713,49772,60913
26516.6,-102522,-117869,49841,60970
26518.6,-102522,-118056,49928,61031
26520.6,-102386,-118057,50000,61042
26522.6,-102254,-117916,50029,60996
26524.6,-102271,-117891,50036,60949
26526.6,-102435,-118048,50072,60951
26528.6,-102562,-118172,50144,60987
26530.6,-102480,-118095,50195,61004
26532.6,-102290,-117912,50194,60987
26534.6,-102276,-117832,50192,60988
26536.6,-102462,-117916,50241,61039
26538.6,-102526,-118002,50302,61091
26540.6,-102387,-117964,50330,61104
26542.6,-102363,-117928,50357,61114
26544.6,-102500,-117968,50394,61130
26546.6,-102453,-117911,50378,61081
26548.6,-102257,-117769,50310,60985
26550.6,-102256,-117837,50308,60980
26552.6,-102326,-118069,50415,61099
26554.6,-102183,-118071,50518,61201
26556.6,-102097,-117854,50532,61193
26558.6,-102324,-117783,50509,61149
26560.6,-102503,-117902,50531,61153
26562.6,-102381,-118017,50604,61195
26564.6,-102263,-118128,50681,61221
26566.6,-102309,-118234,50714,61214
26568.6,-102328,-118212,50706,61192
26570.6,-102331,-118117,50697,61182
26572.6,-102438,-118097,50704,61181
26574.6,-102465,-118089,50698,61178
26576.6,-102265,-118022,50697,61198
26578.6,-102098,-117999,50753,61252
26580.6,-102174,-118035,50835,61283
26582.6,-102300,-118010,50867,61250
26584.6,-102261,-117967,50872,61220
26586.6,-102144,-117996,50918,61259
26588.5,-102111,-117982,50966,61306
26590.5,-102151,-117859,50964,61299
26592.5,-102151,-117802,51003,61331
26594.5,-102038,-117835,51168,61482
26596.5,-101887,-117730,51358,61646
26598.5,-101860,-117532,51471,61726
26600.5,-101987,-117558,51563,61788
26602.5,-102099,-117741,51664,61864
26604.5,-102056,-117689,51683,61853
26606.5,-101918,-117443,51634,61759
26608.5,-101834,-117426,51661,61744
26610.5,-101890,-117679,51780,61836
26612.5,-102031,-117815,51840,61887
26614.5,-102085,-117666,51794,61839
26616.5,-101951,-117447,51762,61814
26618.5,-101767,-117364,51825,61898
26620.5,-101736,-117387,51939,62036
26622.5,-101860,-117349,52043,62141
26624.5,-102005,-117169,52126,62193
26626.5,-102059,-116980,52198,62217
26628.5,-101958,-116928,52254,62227
26630.5,-101758,-116911,52283,62225
26632.5,-101665,-116793,52285,62221
26634.5,-101724,-116704,52268,62226
26636.5,-101702,-116773,52268,62253
26638.5,-101499,-116856,52311,62314
26640.5,-101354,-116846,52373,62382
26642.5,-101429,-116877,52410,62408
26644.5,-101578,-116976,52421,62383
26646.5,-101615,-116966,52439,62352
26648.5,-101508,-116867,52471,62349
26650.5,-101360,-116887,52496,62351
26652.5,-101357,-117008,52493,62324
26654.5,-101556,-117056,52466,62280
26656.5,-101745,-117075,52451,62265
26658.5,-101740,-117218,52456,62275
26660.5,-101657,-117440,52408,62222
26662.5,-101676,-117643,52260,62070
26664.5,-101786,-117903,52108,61917
26666.5,-101862,-118225,52052,61843
26668.4,-101811,-118397,52025,61775
26670.4,-101676,-118366,51943,61651
26672.4,-101626,-118373,51867,61556
26674.4,-101713,-118492,51861,61553
26676.4,-101778,-118535,51861,61567
26678.4,-101731,-118505,51838,61554
26680.4,-101646,-118565,51859,61559
26682.4,-101554,-118623,51899,61567
26684.4,-101484,-118565,51880,61527
26686.4,-101531,-118575,51855,61490
26688.4,-101624,-118674,51889,61487
26690.4,-101553,-118566,51905,61438
26692.4,-101378,-118337,51871,61356
26694.4,-101353,-118431,51908,61379
26696.4,-101476,-118749,52024,61491
26698.4,-101540,-118767,52069,61524
26700.4,-101488,-118503,52030,61472
26702.4,-101408,-118387,52055,61484
26704.4,-101376,-118478,52141,61547
26706.4,-101448,-118594,52148,61521
26708.4,-101548,-118720,52084,61416
26710.4,-101456,-118790,52066,61346
26712.4,-101158,-118667,52094,61327
26714.4,-100991,-118508,52111,61326
26716.4,-101186,-118563,52152,61359
26718.4,-101487,-118725,52237,61394
26720.4,-101515,-118775,52296,61346
26722.4,-101304,-118737,52322,61238
26724.4,-101203,-118689,52405,61187
26726.4,-101341,-118638,52601,61247
26728.4,-101470,-118657,52902,61414
26730.4,-101329,-118748,53243,61667
26732.4,-100944,-118714,53508,61961
26734.4,-100496,-118477,53681,62347
26736.4,-100079,-118154,53915,63012
26738.4,-99666,-117710,54234,63954
26740.4,-99188,-117060,54404,64865
26742.4,-98624,-116403,54329,65587
26744.4,-98130,-115854,54149,66253
26746.4,-97938,-115131,53846,66845
26748.4,-98069,-114197,53268,67150
26750.38,-98330,-113655,52511,67116
26752.35,-98635,-113929,51725,66662
26754.32,-99050,-114769,50767,65483
26756.3,-99569,-115883,49552,63621
26758.3,-100154,-117173,48388,61742
26760.3,-100791,-118220,47580,60388
26762.3,-101282,-118594,47162,59550
26764.3,-101346,-118632,47155,59130
26766.3,-101123,-118930,47572,59113
26768.3,-101045,-119353,48214,59314
26770.3,-101148,-119458,48871,59538
26772.3,-101098,-119363,49555,59844
26774.3,-100843,-119388,50277,60274
26776.3,-100655,-119425,50918,60683
26778.3,-100641,-119294,51418,60988
26780.3,-100671,-119151,51812,61227
26782.3,-100641,-119159,52095,61396
26784.3,-100532,-119220,52269,61476
26786.3,-100392,-119218,52388,61513
26788.3,-100351,-119200,52460,61524
26790.3,-100444,-119215,52473,61494
26792.3,-100498,-119198,52495,61484
26794.3,-100367,-119087,52578,61550
26796.3,-100176,-118951,52666,61638
26798.3,-100159,-118925,52713,61684
26800.3,-100321,-119037,52764,61713
26802.3,-100424,-119162,52828,61738
26804.3,-100298,-119177,52843,61717
26806.3,-100070,-119106,52805,61657
26808.3,-99982,-119069,52778,61611
26810.3,-100068,-119103,52784,61587
26812.3,-100157,-119149,52820,61590
26814.3,-100142,-119156,52893,61654
26816.3,-100065,-119093,52940,61722
26818.3,-99986,-118956,52893,61686
26820.3,-99935,-118863,52838,61614
26822.3,-99928,-118944,52895,61649
26824.3,-99923,-119101,52981,61730
26826.3,-99855,-119139,52973,61718
26828.3,-99778,-119097,52927,61663
26830.28,-99790,-119144,52923,61663
26832.25,-99850,-119240,52927,61682
26834.22,-99850,-119235,52929,61695
26836.2,-99761,-119137,52963,61738
26838.2,-99616,-119054,52978,61760
26840.2,-99520,-119051,52952,61727
26842.2,-99630,-119132,52984,61739
26844.2,-99869,-119227,53088,61825
26846.2,-99900,-119246,53128,61857
26848.2,-99659,-119244,53076,61785
26850.2,-99511,-119310,53032,61705
26852.2,-99645,-119310,53019,61666
26854.2,-99792,-119110,52993,61650
26856.2,-99711,-118936,52991,61674
26858.2,-99494,-119029,53044,61737
26860.2,-99365,-119221,53095,61782
26862.2,-99427,-119276,53097,61780
26864.2,-99566,-119268,53073,61750
26866.2,-99547,-119266,53053,61718
26868.2,-99363,-119189,53055,61712
26870.2,-99265,-119113,53073,61729
26872.2,-99329,-119161,53079,61727
26874.2,-99367,-119203,53082,61720
26876.2,-99308,-119149,53127,61775
26878.2,-99267,-119147,53189,61858
26880.2,-99269,-119204,53197,61867
26882.2,-99296,-119180,53178,61836
26884.2,-99373,-119176,53219,61872
26886.2,-99395,-119281,53276,61924
26888.2,-99207,-119231,53241,61875
26890.2,-98933,-119011,53171,61806
26892.2,-98854,-119110,53222,61882
26894.2,-98975,-119577,53364,62042
26896.2,-99064,-119759,53429,62110
26898.2,-98991,-119449,53419,62108
26900.2,-98796,-119187,53462,62172
26902.2,-98601,-119176,53535,62258
26904.2,-98575,-119116,53520,62239
26906.2,-98740,-119078,53471,62186
26908.2,-98844,-119317,53517,62236
26910.18,-98687,-119510,53606,62332
26912.15,-98454,-119295,53610,62348
26914.13,-98419,-119025,53563,62321
26916.1,-98488,-119089,53577,62361
26918.1,-98398,-119218,53649,62467
26920.1,-98164,-119078,53694,62552
26922.1,-98021,-118822,53665,62550
26924.1,-98053,-118711,53614,62497
26926.1,-98125,-118797,53643,62502
26928.1,-98100,-118981,53756,62590
26930.1,-97961,-119066,53830,62644
26932.1,-97813,-118966,53805,62616
26934.1,-97793,-118870,53775,62611
26936.1,-97897,-118905,53802,62687
26938.1,-97949,-118893,53830,62767
26940.1,-97824,-118761,53831,62800
26942.1,-97626,-118722,53840,62813
26944.1,-97547,-118853,53840,62807
26946.1,-97618,-118948,53809,62776
26948.1,-97706,-118904,53786,62760
26950.1,-97683,-118827,53793,62772
26952.1,-97542,-118771,53778,62766
26954.1,-97392,-118689,53721,62729
26956.1,-97349,-118614,53677,62707
26958.1,-97389,-118621,53680,62723
26960.1,-97373,-118670,53691,62749
26962.1,-97252,-118666,53680,62760
26964.1,-97146,-118625,53665,62759
26966.1,-97149,-118627,53666,62746
26968.1,-97205,-118671,53664,62716
26970.1,-97216,-118702,53637,62681
26972.1,-97146,-118703,53592,62661
26974.1,-97024,-118673,53547,62650
26976.1,-96960,-118632,53519,62637
26978.1,-97052,-118661,53524,62647
26980.1,-97184,-118781,53557,62687
26982.1,-97132,-118865,53571,62709
26984.1,-96926,-118816,53534,62684
26986.1,-96840,-118728,53476,62651
26988.1,-96968,-118732,53443,62646
26990.07,-97104,-118804,53435,62644
26992.05,-97059,-118856,53433,62628
26994.03,-96897,-118884,53449,62626
26996.0,-96817,-118900,53478,62645
26998.0,-96926,-118843,53472,62645
27000.0,-97113,-118720,53425,62605
27002.0,-97165,-118703,53404,62575
27004.0,-97044,-118868,53442,62586
27006.0,-96922,-119021,53472,62596
27008.0,-96912,-119025,53448,62561
27010.0,-96933,-118997,53412,62507
27012.0,-96893,-118987,53385,62466
27014.0,-96820,-118889,53355,62445
27016.0,-96775,-118793,53350,62461
27018.0,-96786,-118884,53372,62493
27020.0,-96866,-119052,53349,62480
27022.0,-96973,-119081,53287,62430
27024.0,-97006,-119038,53268,62413
27026.0,-96951,-119072,53266,62409
27028.0,-96930,-119123,53199,62356
27030.0,-97024,-119093,53128,62296
27032.0,-97136,-119021,53140,62294
27034.0,-97099,-118957,53183,62322
27036.0,-96896,-118902,53208,62352
27038.0,-96694,-118931,53263,62415
27040.0,-96663,-119132,53349,62498
27042.0,-96783,-119391,53393,62539
27044.0,-96867,-119467,53371,62520
27046.0,-96757,-119341,53320,62474
27048.0,-96542,-119258,53277,62437
27050.0,-96505,-119370,53266,62431
27052.0,-96715,-119545,53275,62444
27054.0,-96849,-119587,53246,62432
27056.0,-96699,-119458,53178,62392
27058.0,-96539,-119280,53132,62354
27060.0,-96574,-119215,53125,62331
27062.0,-96584,-119322,53146,62345
27064.0,-96487,-119512,53209,62420
27066.0,-96514,-119647,53273,62480
27068.0,-96605,-119663,53259,62434
27069.97,-96507,-119617,53204,62349
27071.95,-96384,-119591,53199,62339
27073.93,-96467,-119551,53192,62360
27075.9,-96518,-119433,53117,62333
27077.9,-96361,-119318,53054,62314
27079.9,-96257,-119300,53069,62347
27081.9,-96311,-119319,53087,62370
27083.9,-96317,-119335,53072,62368
27085.9,-96292,-119419,53068,62385
27087.9,-96383,-119512,53056,62382
27089.9,-96418,-119472,52999,62313
27091.9,-96226,-119365,52947,62246
27093.9,-96046,-119354,52935,62234
27095.9,-96118,-119432,52915,62230
27097.9,-96257,-119508,52887,62216
27099.9,-96186,-119517,52896,62232
27101.9,-95970,-119432,52913,62263
27103.9,-95874,-119358,52890,62256
27105.9,-95975,-119452,52859,62222
27107.9,-96089,-119619,52859,62198
27109.9,-96040,-119645,52867,62185
27111.9,-95901,-119566,52855,62169
27113.9,-95869,-119546,52839,62156
27115.9,-95962,-119556,52843,62155
27117.9,-96021,-119489,52846,62158
27119.9,-95965,-119392,52804,62136
27121.9,-95849,-119381,52714,62087
27123.9,-95757,-119499,52629,62040
27125.9,-95755,-119670,52593,62019
27127.9,-95842,-119761,52601,62021
27129.9,-95892,-119730,52627,62044
27131.9,-95796,-119675,52628,62054
27133.9,-95647,-119661,52575,62004
27135.9,-95592,-119647,52515,61935
27137.9,-95630,-119623,52511,61943
27139.9,-95695,-119655,52539,62007
27141.9,-95727,-119728,52538,62022
27143.9,-95657,-119699,52514,61977
27145.9,-95529,-119541,52478,61929
27147.9,-95506,-119455,52416,61892
27149.88,-95582,-119592,52377,61880
27151.85,-95562,-119792,52413,61911
27153.82,-95419,-119821,52443,61920
27155.8,-95333,-119668,52392,61872
27157.8,-95371,-119452,52366,61876
27159.8,-95450,-119253,52455,61998
27161.8,-95493,-119132,52563,62120
27163.8,-95437,-119112,52604,62156
27165.8,-95304,-119132,52633,62181
27167.8,-95267,-119174,52672,62230
27169.8,-95391,-119304,52655,62234
27171.8,-95452,-119486,52610,62199
27173.8,-95285,-119536,52623,62198
27175.8,-95045,-119389,52653,62204
27177.8,-94958,-119222,52628,62165
27179.8,-95041,-119183,52602,62145
27181.8,-95150,-119115,52618,62188
27183.8,-95147,-118823,52613,62219
27185.8,-95029,-118503,52600,62224
27187.8,-94939,-118447,52675,62283
27189.8,-94962,-118497,52774,62357
27191.8,-95013,-118402,52766,62346
27193.8,-94999,-118387,52754,62349
27195.8,-94930,-118668,52884,62491
27197.8,-94812,-118928,53010,62633
27199.8,-94679,-118896,52960,62618
27201.8,-94640,-118820,52860,62561
27203.8,-94694,-118911,52864,62589
27205.8,-94685,-118998,52884,62607
27207.8,-94589,-118940,52833,62540
27209.8,-94567,-118807,52767,62474
27211.8,-94648,-118676,52729,62444
27213.8,-94674,-118628,52709,62412
27215.8,-94596,-118734,52716,62405
27217.8,-94533,-118882,52711,62426
27219.8,-94597,-118961,52636,62383
27221.8,-94799,-119114,52546,62281
27223.8,-95010,-119417,52498,62205
27225.8,-95001,-119624,52400,62112
27227.8,-94748,-119619,52200,61927
27229.78,-94545,-119696,52036,61740
27231.75,-94609,-120014,51987,61656
27233.72,-94776,-120272,51936,61597
27235.7,-94784,-120242,51814,61485
27237.7,-94630,-120141,51714,61396
27239.7,-94515,-120195,51678,61384
27241.7,-94580,-120295,51639,61379
27243.7,-94737,-120302,51588,61348
27245.7,-94763,-120303,51570,61323
27247.7,-94601,-120363,51561,61289
27249.7,-94446,-120386,51523,61231
27251.7,-94451,-120363,51504,61217
27253.7,-94509,-120403,51519,61255
27255.7,-94460,-120422,51494,61246
27257.7,-94330,-120254,51426,61185
27259.7,-94248,-120071,51415,61200
27261.7,-94268,-120158,51465,61291
27263.7,-94342,-120366,51486,61326
27265.7,-94390,-120383,51470,61295
27267.7,-94370,-120324,51459,61275
27269.7,-94316,-120430,51429,61242
27271.7,-94275,-120553,51365,61165
27273.7,-94264,-120513,51323,61117
27275.7,-94280,-120454,51302,61119
27277.7,-94289,-120457,51279,61117
27279.7,-94240,-120372,51299,61122
27281.7,-94190,-120262,51376,61143
27283.7,-94294,-120351,51439,61107
27285.7,-94517,-120515,51479,61013
27287.7,-94582,-120479,51567,60959
27289.7,-94374,-120323,51725,60982
27291.7,-94124,-120256,51951,61075
27293.7,-94041,-120268,52259,61283
27295.7,-93988,-120341,52568,61612
27297.7,-93679,-120422,52769,62022
27299.7,-93063,-120156,52910,62575
27301.7,-92405,-119370,53083,63345
27303.7,-91970,-118557,53206,64194
27305.7,-91712,-118108,53138,64923
27307.7,-91431,-117618,52870,65508
27309.68,-91121,-116696,52437,65986
27311.65,-90923,-115729,51832,66289
27313.63,-90932,-115285,51088,66319
27315.6,-91241,-115522,50260,65938
27317.6,-91875,-116394,49308,64928
27319.6,-92559,-117686,48174,63266
27321.6,-93023,-118855,46977,61371
27323.6,-93428,-119509,45976,59798
27325.6,-93954,-119858,45401,58805
27327.6,-94314,-120302,45353,58369
27329.6,-94249,-120847,45757,58370
27331.6,-93995,-121207,46386,58595
27333.6,-93813,-121235,47044,58841
27335.6,-93664,-121086,47717,59107
27337.6,-93541,-120992,48434,59485
27339.6,-93499,-120970,49092,59899
27341.6,-93406,-120889,49580,60198
27343.6,-93224,-120796,49943,60391
27345.6,-93209,-120831,50258,60574
27347.6,-93429,-120874,50479,60713
27349.6,-93569,-120710,50546,60727
27351.6,-93451,-120467,50535,60668
27353.6,-93266,-120416,50552,60636
27355.6,-93219,-120530,50602,60646
27357.6,-93329,-120643,50661,60686
27359.6,-93467,-120734,50734,60769
27361.6,-93420,-120754,50795,60853
27363.6,-93134,-120606,50798,60865
27365.6,-92902,-120454,50779,60831
27367.6,-92987,-120548,50789,60812
27369.6,-93207,-120764,50792,60790
27371.6,-93241,-120822,50749,60737
27373.6,-93097,-120733,50705,60690
27375.6,-93009,-120636,50702,60682
27377.6,-93070,-120540,50709,60693
27379.6,-93174,-120466,50699,60713
27381.6,-93150,-120459,50698,60746
27383.6,-92961,-120444,50726,60781
27385.6,-92784,-120379,50739,60790
27387.6,-92805,-120370,50687,60752
27389.6,-92950,-120448,50613,60696
27391.6,-93002,-120497,50598,60681
27393.6,-92911,-120464,50608,60691
27395.6,-92788,-120383,50558,60669
27397.5,-92724,-120303,50488,60647
27399.5,-92732,-120278,50494,60697
27401.5,-92762,-120282,50533,60758
27403.5,-92729,-120240,50515,60735
27405.5,-92630,-120222,50479,60679
27407.5,-92562,-120322,50500,60682
27409.5,-92590,-120417,50539,60711
27411.5,-92675,-120385,50531,60696
27413.5,-92704,-120323,50481,60655
27415.5,-92590,-120297,50427,60625
27417.5,-92433,-120274,50395,60606
27419.5,-92436,-120338,50410,60608
27421.5,-92570,-120488,50448,60632
27423.5,-92572,-120448,50435,60629
27425.5,-92395,-120171,50368,60583
27427.5,-92287,-120043,50340,60565
27429.5,-92378,-120199,50375,60601
27431.5,-92524,-120295,50379,60597
27433.5,-92540,-120194,50321,60523
27435.5,-92373,-120127,50289,60491
27437.5,-92162,-120127,50306,60535
27439.5,-92142,-120047,50297,60548
27441.5,-92311,-119992,50282,60521
27443.5,-92379,-120101,50348,60557
27445.5,-92210,-120186,50445,60639
27447.5,-92000,-120116,50462,60664
27449.5,-91924,-120097,50437,60657
27451.5,-91963,-120210,50438,60677
27453.5,-92042,-120220,50434,60685
27455.5,-92044,-120072,50434,60689
27457.5,-91909,-119997,50491,60761
27459.5,-91807,-120018,50537,60840
27461.5,-91888,-119958,50501,60841
27463.5,-91965,-119883,50492,60852
27465.5,-91845,-119947,50574,60938
27467.5,-91662,-120003,50604,60971
27469.5,-91585,-119891,50518,60893
27471.5,-91578,-119780,50445,60835
27473.5,-91598,-119809,50449,60853
27475.5,-91623,-119804,50458,60867
27477.4,-91556,-119665,50453,60862
27479.4,-91422,-119584,50471,60887
27481.4,-91412,-119686,50507,60946
27483.4,-91552,-119832,50534,61001
27485.4,-91630,-119834,50534,61014
27487.4,-91537,-119673,50504,60983
27489.4,-91378,-119521,50503,60987
27491.4,-91301,-119556,50569,61074
27493.4,-91352,-119708,50632,61157
27495.4,-91409,-119738,50634,61167
27497.4,-91293,-119582,50619,61160
27499.4,-91052,-119405,50617,61178
27501.4,-90935,-119356,50611,61194
27503.4,-91021,-119439,50617,61226
27505.4,-91123,-119543,50636,61274
27507.4,-91075,-119545,50615,61263
27509.4,-90913,-119457,50553,61177
27511.4,-90788,-119396,50512,61110
27513.4,-90813,-119403,50505,61100
27515.4,-90935,-119413,50508,61115
27517.4,-90983,-119382,50521,61140
27519.4,-90895,-119291,50523,61159
27521.4,-90782,-119147,50479,61145
27523.4,-90749,-119013,50410,61105
27525.4,-90776,-118946,50348,61069
27527.4,-90794,-118952,50310,61054
27529.4,-90748,-119058,50339,61095
27531.4,-90646,-119254,50430,61187
27533.4,-90582,-119390,50478,61227
27535.4,-90614,-119334,50426,61165
27537.4,-90664,-119182,50359,61108
27539.4,-90625,-119112,50333,61116
27541.4,-90494,-119134,50290,61096
27543.4,-90359,-119165,50214,61004
27545.4,-90348,-119205,50176,60945
27547.4,-90524,-119245,50192,60965
27549.4,-90704,-119150,50183,60975
27551.4,-90599,-118895,50122,60932
27553.4,-90307,-118735,50070,60910
27555.4,-90257,-118857,50082,60950
27557.4,-90498,-119052,50131,61001
27559.38,-90594,-119045,50163,61025
27561.35,-90438,-118930,50165,61041
27563.32,-90421,-118933,50165,61054
27565.3,-90607,-119020,50176,61042
27567.3,-90636,-119065,50172,61005
27569.3,-90499,-119093,50134,60960
27571.3,-90491,-119123,50092,60919
27573.3,-90534,-119065,50073,60884
27575.3,-90443,-118957,50055,60859
27577.3,-90415,-118968,50016,60843
27579.3,-90576,-119082,49985,60827
27581.3,-90652,-119117,49982,60804
27583.3,-90526,-119057,49968,60773
27585.3,-90432,-119022,49929,60753
27587.3,-90455,-119007,49894,60745
27589.3,-90474,-118961,49862,60717
27591.3,-90494,-118970,49823,60673
27593.3,-90558,-119098,49817,60674
27595.3,-90569,-119215,49847,60723
27597.3,-90480,-119171,49835,60736
27599.3,-90420,-119029,49766,60690
27601.3,-90496,-118981,49728,60659
27603.3,-90619,-119088,49744,60669
27605.3,-90607,-119197,49752,60669
27607.3,-90460,-119174,49729,60641
27609.3,-90406,-119091,49714,60623
27611.3,-90564,-119064,49721,60636
27613.3,-90748,-119051,49726,60654
27615.3,-90758,-118987,49687,60621
27617.3,-90638,-118947,49606,60540
27619.3,-90547,-119019,49557,60506
27621.3,-90564,-119136,49576,60552
27623.3,-90657,-119193,49582,60568
27625.3,-90701,-119183,49533,60497
27627.3,-90615,-119132,49496,60439
27629.3,-90494,-119050,49497,60437
27631.3,-90488,-119005,49494,60433
27633.3,-90566,-119068,49506,60432
27635.3,-90570,-119105,49550,60470
27637.3,-90461,-118921,49545,60479
27639.28,-90372,-118670,49473,60418
27641.25,-90444,-118706,49441,60375
27643.22,-90637,-118982,49481,60401
27645.2,-90742,-119101,49500,60425
27647.2,-90646,-118989,49468,60410
27649.2,-90493,-118940,49448,60397
27651.2,-90473,-119043,49463,60412
27653.2,-90571,-119118,49477,60436
27655.2,-90658,-119147,49486,60458
27657.2,-90644,-119241,49514,60484
27659.2,-90486,-119293,49521,60483
27661.2,-90273,-119132,49444,60401
27663.2,-90222,-118903,49324,60273
27665.2,-90374,-118855,49271,60211
27667.2,-90481,-118927,49292,60232
27669.2,-90373,-118939,49306,60244
27671.2,-90220,-118968,49316,60228
27673.2,-90224,-119120,49366,60242
27675.2,-90325,-119241,49399,60260
27677.2,-90372,-119200,49362,60229
27679.2,-90323,-119117,49304,60188
27681.2,-90247,-119112,49270,60176
27683.2,-90263,-119159,49232,60164
27685.2,-90399,-119230,49202,60140
27687.2,-90475,-119268,49208,60135
27689.2,-90320,-119147,49216,60144
27691.2,-90092,-118909,49183,60142
27693.2,-90048,-118784,49133,60129
27695.2,-90151,-118850,49096,60106
27697.2,-90207,-118964,49072,60082
27699.2,-90176,-119005,49058,60081
27701.2,-90107,-118946,49055,60098
27703.2,-90026,-118806,49052,60097
27705.2,-90015,-118714,49039,60073
27707.2,-90109,-118798,49015,60041
27709.2,-90159,-118925,48974,59999
27711.2,-90045,-118866,48921,59942
27713.2,-89896,-118706,48874,59895
27715.2,-89897,-118689,48851,59882
27717.2,-90039,-118773,48853,59897
27719.18,-90163,-118792,48866,59924
27721.15,-90129,-118824,48863,59940
27723.13,-89978,-118972,48826,59923
27725.1,-89929,-119088,48771,59885
27727.1,-90078,-119056,48735,59868
27729.1,-90211,-118980,48721,59872
27731.1,-90121,-118904,48699,59857
27733.1,-89928,-118781,48663,59819
27735.1,-89871,-118729,48651,59803
27737.1,-89968,-118851,48668,59816
27739.1,-90070,-118960,48670,59805
27741.1,-90053,-118894,48652,59765
27743.1,-89929,-118824,48656,59750
27745.1,-89860,-118878,48680,59762
27747.1,-89986,-118891,48689,59764
27749.1,-90193,-118782,48698,59783
27751.1,-90229,-118685,48739,59863
27753.1,-90058,-118602,48792,59953
27755.1,-89922,-118435,48846,59996
27757.1,-90023,-118315,48924,60023
27759.1,-90238,-118376,48979,60040
27761.1,-90279,-118457,48950,60011
27763.1,-90102,-118435,48894,59971
27765.1,-89982,-118452,48877,59969
27767.1,-90092,-118552,48858,59958
27769.1,-90274,-118556,48819,59916
27771.1,-90310,-118408,48816,59906
27773.1,-90161,-118193,48813,59929
27775.1,-89918,-117960,48769,59941
27777.1,-89762,-117818,48791,59996
27779.1,-89858,-117844,48935,60121
27781.1,-90074,-117812,49053,60209
27783.1,-90084,-117519,49071,60226
27785.1,-89869,-117222,49089,60258
27787.1,-89735,-117193,49124,60300
27789.1,-89794,-117260,49100,60290
27791.1,-89869,-117226,49055,60281
27793.1,-89850,-117207,49048,60304
27795.1,-89753,-117249,49025,60293
27797.1,-89593,-117253,48980,60262
27799.07,-89476,-117297,48993,60296
27801.05,-89552,-117444,49044,60344
27803.03,-89723,-117474,49028,60293
27805.0,-89739,-117317,48947,60188
27807.0,-89615,-117291,48889,60136
27809.0,-89615,-117542,48876,60127
27811.0,-89817,-117826,48872,60106
27813.0,-90001,-117956,48850,60075
27815.0,-89967,-117972,48786,60025
27817.0,-89783,-117959,48660,59910
27819.0,-89703,-118097,48505,59751
27821.0,-89851,-118510,48393,59638
27823.0,-90059,-118926,48330,59583
27825.0,-90081,-118966,48229,59478
27827.0,-89922,-118751,48057,59299
27829.0,-89800,-118699,47906,59174
27831.0,-89856,-118905,47848,59169
27833.0,-89988,-119128,47837,59191
27835.0,-90001,-119147,47830,59173
27837.0,-89876,-118958,47833,59156
27839.0,-89810,-118772,47826,59148
27841.0,-89921,-118785,47782,59104
27843.0,-90063,-118933,47735,59040
27845.0,-90058,-119048,47723,59016
27847.0,-89941,-119100,47733,59049
27849.0,-89843,-119116,47738,59108
27851.0,-89824,-119072,47717,59134
27853.0,-89873,-118997,47660,59101
27855.0,-89927,-118963,47619,59068
27857.0,-89910,-118966,47643,59091
27859.0,-89849,-118970,47670,59107
27861.0,-89874,-118990,47609,59037
27863.0,-90014,-119040,47506,58938
27865.0,-90120,-119095,47463,58893
27867.0,-90051,-119093,47471,58873
27869.0,-89880,-118977,47457,58838
27871.0,-89854,-118804,47442,58823
27873.0,-90081,-118766,47496,58855
27875.0,-90346,-118930,47603,58887
27877.0,-90364,-119084,47695,58882
27878.97,-90161,-119043,47796,58880
27880.95,-90010,-118928,47994,58946
27882.93,-90065,-118926,48295,59098
27884.9,-90182,-118981,48606,59306
27886.9,-90078,-118947,48860,59554
27888.9,-89631,-118802,49069,59894
27890.9,-89027,-118531,49295,60436
27892.9,-88527,-118065,49562,61213
27894.9,-88142,-117460,49756,62055
27896.9,-87706,-116852,49704,62733
27898.9,-87215,-116182,49386,63224
27900.9,-86849,-115321,48916,63645
27902.9,-86717,-114451,48318,63965
27904.9,-86813,-113987,47544,63992
27906.9,-87125,-114175,46627,63539
27908.9,-87608,-114956,45614,62474
27910.9,-88167,-116122,44474,60823
27912.9,-88770,-117353,43269,58959
27914.9,-89427,-118226,42250,57426
27916.9,-90023,-118514,41664,56489
27918.9,-90332,-118500,41578,56079
27920.9,-90286,-118669,41898,56042
27922.9,-90077,-119030,42438,56222
27924.9,-89961,-119190,43041,56467
27926.9,-89991,-119083,43692,56749
27928.9,-89992,-119026,44402,57118
27930.9,-89830,-119048,45064,57525
27932.9,-89621,-118910,45573,57853
27934.9,-89575,-118703,45975,58086
27936.9,-89705,-118700,46326,58272
27938.9,-89834,-118797,46574,58404
27940.9,-89824,-118719,46684,58453
27942.9,-89725,-118536,46713,58427
27944.9,-89718,-118484,46716,58360
27946.9,-89879,-118527,46715,58310
27948.9,-89998,-118461,46740,58333
27950.9,-89863,-118290,46794,58414
27952.9,-89657,-118245,46843,58482
27954.9,-89708,-118434,46873,58504
27956.9,-89934,-118652,46893,58494
27958.88,-89966,-118652,46894,58468
27960.85,-89744,-118520,46884,58453
27962.82,-89559,-118552,46913,58474
27964.8,-89593,-118765,46981,58515
27966.8,-89747,-118881,47015,58529
27968.8,-89859,-118777,46971,58501
27970.8,-89844,-118574,46897,58452
27972.8,-89692,-118364,46856,58414
27974.8,-89522,-118234,46862,58417
27976.8,-89530,-118372,46905,58475
27978.8,-89714,-118726,46973,58564
27980.8,-89824,-118891,47015,58617
27982.8,-89736,-118681,46974,58581
27984.8,-89633,-118424,46884,58486
27986.8,-89671,-118418,46832,58419
27988.8,-89765,-118537,46832,58415
27990.8,-89801,-118579,46828,58428
27992.8,-89751,-118552,46804,58429
27994.8,-89620,-118515,46807,58452
27996.8,-89501,-118468,46850,58514
27998.8,-89556,-118441,46889,58562
28000.8,-89729,-118472,46878,58540
28002.8,-89770,-118514,46837,58474
28004.8,-89658,-118512,46813,58431
28006.8,-89650,-118495,46810,58424
28008.8,-89820,-118490,46809,58440
28010.8,-89921,-118436,46833,58490
28012.8,-89793,-118285,46889,58561
28014.8,-89585,-118125,46917,58588
28016.8,-89479,-118084,46882,58553
28018.8,-89472,-118144,46837,58513
28020.8,-89521,-118166,46825,58487
28022.8,-89589,-118087,46830,58466
28024.8,-89553,-117984,46840,58469
28026.8,-89391,-117946,46849,58491
28028.8,-89344,-117974,46837,58486
28030.8,-89545,-118020,46827,58473
28032.8,-89700,-118028,46850,58507
28034.8,-89545,-117947,46878,58555
28036.8,-89289,-117794,46877,58557
28038.78,-89250,-117687,46876,58537
28040.75,-89399,-117738,46896,58539
28042.72,-89530,-117901,46910,58547
28044.7,-89548,-118003,46897,58543
28046.7,-89461,-117943,46860,58528
28048.7,-89361,-117823,46821,58517
28050.7,-89385,-117801,46833,58553
28052.7,-89543,-117855,46893,58644
28054.7,-89644,-117822,46908,58700
28056.7,-89519,-117656,46848,58668
28058.7,-89296,-117517,46809,58626
28060.7,-89270,-117542,46836,58641
28062.7,-89467,-117649,46872,58672
28064.7,-89574,-117657,46893,58691
28066.7,-89460,-117536,46911,58713
28068.7,-89344,-117409,46908,58721
28070.7,-89317,-117345,46897,58721
28072.7,-89261,-117319,46933,58765
28074.7,-89260,-117336,47000,58850
28076.7,-89406,-117391,47020,58902
28078.7,-89451,-117397,46992,58901
28080.7,-89297,-117316,46957,58878
28082.7,-89276,-117220,46920,58842
28084.7,-89438,-117156,46889,58809
28086.7,-89416,-117124,46907,58825
28088.7,-89220,-117134,46960,58873
28090.7,-89195,-117113,46966,58878
28092.7,-89268,-116971,46912,58830
28094.7,-89156,-116815,46890,58810
28096.7,-89006,-116791,46946,58857
28098.7,-89062,-116773,46989,58910
28100.7,-89151,-116620,46944,58908
28102.7,-89074,-116547,46901,58906
28104.7,-88996,-116806,46981,58988
28106.7,-89089,-117197,47112,59103
28108.7,-89190,-117299,47123,59119
28110.7,-89095,-117062,47049,59064
28112.7,-88890,-116858,47064,59091
28114.7,-88800,-116905,47157,59189
28116.7,-88880,-116987,47168,59205
28118.68,-88981,-116884,47097,59139
28120.65,-88949,-116726,47069,59121
28122.63,-88797,-116689,47082,59151
28124.6,-88704,-116720,47057,59142
28126.6,-88807,-116724,47019,59111
28128.6,-89024,-116731,47009,59111
28130.6,-89133,-116743,46982,59099
28132.6,-89032,-116682,46911,59042
28134.6,-88861,-116555,46856,59004
28136.6,-88841,-116488,46854,59032
28138.6,-88986,-116558,46866,59066
28140.6,-89057,-116654,46850,59050
28142.6,-88945,-116639,46812,59014
28144.6,-88877,-116571,46776,58994
28146.6,-89009,-116581,46763,58990
28148.6,-89160,-116648,46787,59021
28150.6,-89172,-116705,46836,59098
28152.6,-89144,-116755,46857,59138
28154.6,-89154,-116748,46820,59075
28156.6,-89174,-116641,46777,58996
28158.6,-89235,-116549,46780,58989
28160.6,-89317,-116547,46788,58996
28162.6,-89286,-116525,46748,58943
28164.6,-89164,-116469,46674,58872
28166.6,-89132,-116524,46611,58829
28168.6,-89224,-116658,46585,58804
28170.6,-89344,-116701,46593,58804
28172.6,-89456,-116662,46602,58826
28174.6,-89504,-116629,46575,58812
28176.6,-89456,-116573,46527,58744
28178.6,-89453,-116496,46496,58681
28180.6,-89579,-116491,46491,58661
28182.6,-89663,-116545,46488,58657
28184.6,-89594,-116577,46466,58637
28186.6,-89508,-116574,46430,58607
28188.6,-89518,-116558,46413,58595
28190.6,-89604,-116547,46427,58605
28192.6,-89716,-116594,46427,58602
28194.6,-89730,-116658,46396,58574
28196.6,-89576,-116601,46372,58552
28198.57,-89481,-116478,46375,58559
28200.55,-89657,-116511,46386,58585
28202.53,-89872,-116668,46384,58601
28204.5,-89813,-116668,46351,58574
28206.5,-89605,-116490,46302,58512
28208.5,-89543,-116418,46278,58474
28210.5,-89663,-116527,46277,58476
28212.5,-89831,-116576,46262,58481
28214.5,-89914,-116449,46265,58500
28216.5,-89835,-116305,46308,58549
28218.5,-89691,-116297,46314,58562
28220.5,-89673,-116423,46267,58509
28222.5,-89782,-116577,46262,58470
28224.5,-89865,-116604,46290,58459
28226.5,-89857,-116457,46235,58394
28228.5,-89765,-116300,46128,58303
28230.5,-89647,-116253,46096,58287
28232.5,-89646,-116220,46118,58325
28234.5,-89766,-116165,46118,58346
28236.5,-89762,-116192,46117,58374
28238.5,-89573,-116254,46128,58415
28240.5,-89531,-116201,46111,58417
28242.5,-89805,-116141,46088,58399
28244.5,-90057,-116243,46109,58426
28246.5,-89965,-116330,46127,58453
28248.5,-89702,-116200,46089,58413
28250.5,-89637,-116062,46037,58360
28252.5,-89841,-116124,46010,58350
28254.5,-90061,-116163,45966,58327
28256.5,-90069,-115992,45893,58254
28258.5,-89899,-115853,45862,58216
28260.5,-89765,-115979,45922,58278
28262.5,-89823,-116256,46010,58368
28264.5,-90006,-116502,46036,58385
28266.5,-90104,-116627,45988,58330
28268.5,-90015,-116569,45919,58267
28270.5,-89865,-116385,45859,58221
28272.5,-89847,-116277,45800,58186
28274.5,-89983,-116322,45767,58173
28276.5,-90106,-116410,45792,58199
28278.5,-90079,-116451,45839,58233
28280.5,-89963,-116437,45832,58224
28282.5,-89926,-116353,45764,58160
28284.5,-90007,-116216,45687,58078
28286.4,-90068,-116129,45643,58032
28288.4,-89998,-116172,45632,58042
28290.4,-89871,-116265,45630,58059
28292.4,-89848,-116255,45617,58035
28294.4,-89977,-116198,45606,58021
28296.4,-90146,-116341,45622,58082
28298.4,-90202,-116668,45644,58154
28300.4,-90108,-116806,45613,58131
28302.4,-90005,-116612,45523,58033
28304.4,-90067,-116437,45435,57954
28306.4,-90267,-116517,45400,57921
28308.4,-90372,-116618,45410,57909
28310.4,-90218,-116517,45434,57906
28312.4,-89940,-116346,45453,57918
28314.4,-89823,-116275,45459,57942
28316.4,-89951,-116275,45451,57959
28318.4,-90103,-116265,45429,57948
28320.4,-90073,-116220,45400,57918
28322.4,-89953,-116171,45376,57901
28324.4,-89966,-116213,45367,57906
28326.4,-90131,-116354,45359,57905
28328.4,-90244,-116424,45331,57882
28330.4,-90174,-116333,45283,57843
28332.4,-90034,-116236,45239,57806
28334.4,-90034,-116245,45222,57788
28336.4,-90211,-116272,45240,57800
28338.4,-90352,-116262,45263,57817
28340.4,-90250,-116238,45237,57789
28342.4,-90008,-116165,45153,57710
28344.4,-89928,-116059,45082,57643
28346.4,-90100,-116068,45073,57635
28348.4,-90287,-116208,45097,57658
28350.4,-90277,-116287,45117,57663
28352.4,-90140,-116233,45128,57648
28354.4,-90074,-116159,45140,57650
28356.4,-90155,-116073,45184,57712
28358.4,-90323,-115900,45282,57830
28360.4,-90457,-115729,45386,57935
28362.4,-90441,-115697,45447,57980
28364.4,-90294,-115722,45475,57994
28366.3,-90216,-115644,45462,57980
28368.3,-90320,-115547,45396,57930
28370.3,-90419,-115594,45381,57927
28372.3,-90309,-115676,45478,58024
28374.3,-90123,-115595,45543,58087
28376.3,-90114,-115480,45475,58018
28378.3,-90261,-115535,45408,57945
28380.3,-90349,-115561,45432,57968
28382.3,-90278,-115291,45472,58022
28384.3,-90124,-114945,45517,58087
28386.3,-90049,-114880,45629,58221
28388.3,-90189,-114988,45723,58353
28390.3,-90432,-114949,45703,58372
28392.3,-90451,-114732,45660,58334
28394.3,-90177,-114461,45672,58334
28396.3,-89946,-114198,45641,58330
28398.3,-89982,-114098,45527,58280
28400.3,-90108,-114321,45460,58254
28402.3,-90127,-114687,45500,58293
28404.3,-90091,-114861,45542,58332
28406.3,-90105,-114819,45516,58308
28408.3,-90172,-114690,45438,58208
28410.3,-90244,-114452,45313,58058
28412.3,-90249,-114268,45199,57956
28414.3,-90170,-114537,45224,58021
28416.3,-90154,-115142,45372,58197
28418.3,-90321,-115465,45456,58293
28420.3,-90531,-115407,45405,58242
28422.3,-90578,-115412,45307,58123
28424.3,-90458,-115550,45182,57976
28426.3,-90313,-115625,45001,57793
28428.3,-90272,-115778,44848,57630
28430.3,-90410,-116078,44794,57543
28432.3,-90644,-116231,44761,57492
28434.3,-90722,-116181,44678,57431
28436.3,-90534,-116157,44591,57370
28438.3,-90323,-116117,44532,57313
28440.3,-90369,-115994,44478,57260
28442.3,-90604,-116046,44459,57251
28444.3,-90732,-116324,44509,57306
28446.3,-90634,-116473,44563,57354
28448.28,-90474,-116415,44542,57315
28450.25,-90465,-116416,44481,57230
28452.22,-90617,-116485,44446,57192
28454.2,-90715,-116395,44419,57205
28456.2,-90579,-116182,44372,57219
28458.2,-90348,-116053,44351,57230
28460.2,-90345,-116042,44379,57256
28462.2,-90611,-116072,44400,57261
28464.2,-90821,-116100,44370,57214
28466.2,-90754,-116102,44303,57140
28468.2,-90601,-116096,44243,57084
28470.2,-90620,-116166,44243,57077
28472.2,-90757,-116271,44305,57106
28474.2,-90804,-116218,44346,57120
28476.2,-90726,-115991,44338,57110
28478.2,-90650,-115858,44382,57138
28480.2,-90682,-115973,44520,57209
28482.2,-90840,-116155,44652,57242
28484.2,-91032,-116216,44759,57228
28486.2,-91092,-116190,44951,57257
28488.2,-90978,-116163,45248,57384
28490.2,-90833,-116126,45554,57606
28492.2,-90708,-116062,45834,57921
28494.2,-90463,-115946,46126,58327
28496.2,-90060,-115712,46445,58874
28498.2,-89629,-115311,46767,59627
28500.2,-89206,-114791,47017,60470
28502.2,-88735,-114210,47070,61150
28504.2,-88298,-113556,46869,61619
28506.2,-88021,-112804,46470,62037
28508.2,-87885,-112085,45918,62404
28510.2,-87864,-111670,45189,62464
28512.2,-88073,-111776,44246,61958
28514.2,-88623,-112455,43094,60784
28516.2,-89429,-113567,41842,59114
28518.2,-90223,-114712,40694,57388
28520.2,-90773,-115444,39775,55991
28522.2,-91137,-115727,39108,55014
28524.2,-91528,-115868,38817,54475
28526.2,-91865,-115967,39045,54439
28528.18,-91816,-115947,39613,54731
28530.15,-91395,-115959,40111,54971
28532.13,-91035,-116155,40441,55063
28534.1,-90991,-116332,40872,55257
28536.1,-91081,-116331,41510,55645
28538.1,-91066,-116302,42111,56004
28540.1,-90912,-116278,42509,56205
28542.1,-90736,-116117,42831,56383
28544.1,-90701,-115969,43181,56624
28546.1,-90823,-116036,43441,56794
28548.1,-90907,-116077,43513,56797
28550.1,-90848,-115863,43504,56735
28552.1,-90791,-115683,43559,56748
28554.1,-90825,-115781,43677,56856
28556.1,-90841,-115878,43754,56958
28558.1,-90810,-115734,43725,56955
28560.1,-90803,-115581,43668,56902
28562.1,-90765,-115631,43716,56948
28564.1,-90676,-115714,43823,57047
28566.1,-90718,-115673,43820,57005
28568.1,-90903,-115662,43746,56872
28570.1,-90986,-115876,43788,56881
28572.1,-90944,-116207,43905,57008
28574.1,-90955,-116332,43917,57052
28576.1,-90936,-116102,43857,57030
28578.1,-90804,-115787,43870,57075
28580.1,-90810,-115731,43922,57143
28582.1,-90983,-115830,43910,57136
28584.1,-90943,-115792,43858,57086
28586.1,-90720,-115737,43840,57061
28588.1,-90778,-115924,43871,57074
28590.1,-91065,-116149,43920,57118
28592.1,-91104,-116104,43942,57157
28594.1,-90914,-115961,43924,57165
28596.1,-90853,-115986,43908,57175
28598.1,-90899,-116056,43911,57212
28600.1,-90880,-116004,43907,57231
28602.1,-90903,-115931,43878,57190
28604.1,-91038,-115939,43830,57112
28606.1,-91101,-115948,43770,57039
28608.07,-91017,-115874,43727,56996
28610.05,-90957,-115755,43729,56991
28612.03,-91011,-115706,43764,57018
28614.0,-91058,-115770,43807,57065
28616.0,-90995,-115811,43851,57119
28618.0,-90910,-115706,43881,57155
28620.0,-90938,-115586,43883,57162
28622.0,-91056,-115615,43875,57157
28624.0,-91120,-115697,43864,57143
28626.0,-91061,-115672,43836,57104
28628.0,-90949,-115625,43803,57052
28630.0,-90909,-115692,43796,57030
28632.0,-90995,-115762,43820,57065
28634.0,-91116,-115653,43853,57132
28636.0,-91134,-115439,43866,57177
28638.0,-91056,-115342,43851,57181
28640.0,-91023,-115395,43841,57199
28642.0,-91080,-115433,43875,57274
28644.0,-91118,-115400,43931,57360
28646.0,-91037,-115386,43955,57393
28648.0,-90860,-115370,43933,57369
28650.0,-90715,-115255,43893,57322
28652.0,-90730,-115130,43866,57291
28654.0,-90879,-115138,43871,57310
28656.0,-90981,-115204,43888,57358
28658.0,-90928,-115198,43885,57379
28660.0,-90830,-115161,43884,57393
28662.0,-90836,-115122,43914,57442
28664.0,-90935,-115039,43934,57476
28666.0,-90999,-115001,43912,57457
28668.0,-90943,-115076,43904,57455
28670.0,-90837,-115102,43946,57502
28672.0,-90830,-114992,43984,57541
28674.0,-90933,-114928,43991,57559
28676.0,-90981,-114969,44004,57601
28678.0,-90860,-114922,44027,57633
28680.0,-90669,-114779,44023,57609
28682.0,-90569,-114754,44002,57587
28684.0,-90616,-114828,44000,57617
28686.0,-90757,-114793,44005,57650
28687.97,-90869,-114674,43999,57656
28689.95,-90851,-114629,44006,57681
28691.93,-90749,-114615,44036,57724
28693.9,-90702,-114507,44047,57729
28695.9,-90739,-114336,44013,57699
28697.9,-90750,-114149,43965,57692
28699.9,-90672,-113988,43951,57730
28701.9,-90581,-114060,44006,57806
28703.9,-90586,-114481,44113,57909
28705.9,-90704,-114894,44181,57985
28707.9,-90822,-114855,44131,57961
28709.9,-90775,-114487,44004,57848
28711.9,-90580,-114264,43933,57773
28713.9,-90487,-114357,43970,57830
28715.9,-90624,-114561,44044,57956
28717.9,-90756,-114667,44072,58021
28719.9,-90640,-114618,44056,58009
28721.9,-90408,-114462,44021,57979
28723.9,-90345,-114254,43940,57921
28725.9,-90503,-114065,43821,57811
28727.9,-90708,-114080,43782,57762
28729.9,-90779,-114409,43888,57873
28731.9,-90663,-114718,44005,58008
28733.9,-90503,-114611,43983,57998
28735.9,-90499,-114323,43902,57932
28737.9,-90647,-114317,43913,57971
28739.9,-90742,-114434,43965,58043
28741.9,-90678,-114322,43943,58028
28743.9,-90556,-114196,43910,58008
28745.9,-90512,-114330,43946,58060
28747.9,-90581,-114463,43972,58071
28749.9,-90691,-114376,43927,57986
28751.9,-90705,-114273,43889,57929
28753.9,-90599,-114268,43894,57951
28755.9,-90556,-114246,43875,57960
28757.9,-90700,-114239,43845,57956
28759.9,-90849,-114311,43877,58013
28761.9,-90797,-114329,43917,58069
28763.9,-90677,-114253,43892,58033
28765.9,-90748,-114258,43872,57972
28767.88,-90992,-114350,43931,57974
28769.85,-91169,-114335,43994,57991
28771.82,-91125,-114185,43996,57965
28773.8,-90933,-114051,43978,57934
28775.8,-90822,-113989,43975,57925
28777.8,-90944,-113982,43969,57914
28779.8,-91161,-114048,43955,57896
28781.8,-91223,-114142,43956,57884
28783.8,-91118,-114176,43976,57874
28785.8,-91055,-114186,43988,57850
28787.8,-91157,-114247,43977,57816
28789.8,-91337,-114302,43968,57805
28791.8,-91430,-114293,43990,57829
28793.8,-91376,-114256,44006,57837
28795.8,-91294,-114196,43979,57805
28797.8,-91310,-114109,43951,57794
28799.8,-91404,-114131,43953,57821
28801.8,-91491,-114289,43933,57811
28803.8,-91513,-114328,43882,57762
28805.8,-91430,-114152,43861,57741
28807.8,-91328,-114085,43858,57710
28809.8,-91404,-114289,43818,57615
28811.8,-91621,-114453,43782,57551
28813.8,-91692,-114377,43800,57590
28815.8,-91554,-114274,43821,57638
28817.8,-91453,-114276,43802,57635
28819.8,-91522,-114249,43776,57635
28821.8,-91665,-114171,43762,57641
28823.8,-91767,-114163,43746,57618
28825.8,-91730,-114204,43749,57609
28827.8,-91577,-114227,43775,57642
28829.8,-91556,-114274,43768,57639
28831.8,-91791,-114326,43710,57560
28833.8,-91982,-114287,43668,57490
28835.8,-91860,-114220,43700,57505
28837.8,-91642,-114243,43767,57568
28839.8,-91658,-114276,43778,57587
28841.8,-91837,-114199,43708,57537
28843.8,-91896,-114063,43627,57480
28845.8,-91765,-113954,43590,57464
28847.78,-91627,-113909,43573,57462
28849.75,-91668,-114007,43562,57457
28851.72,-91857,-114261,43572,57470
28853.7,-91986,-114479,43586,57488
28855.7,-91936,-114489,43575,57484
28857.7,-91830,-114378,43564,57488
28859.7,-91838,-114345,43583,57530
28861.7,-91933,-114423,43626,57597
28863.7,-91985,-114481,43673,57660
28865.7,-91947,-114434,43679,57683
28867.7,-91849,-114352,43602,57612
28869.7,-91749,-114314,43486,57476
28871.7,-91754,-114287,43428,57383
28873.7,-91883,-114271,43443,57378
28875.7,-91969,-114366,43477,57412
28877.7,-91883,-114516,43507,57451
28879.7,-91750,-114462,43516,57483
28881.7,-91742,-114182,43480,57473
28883.7,-91842,-114024,43423,57425
28885.7,-91930,-114174,43414,57406
28887.7,-91934,-114359,43456,57450
28889.7,-91853,-114334,43483,57496
28891.7,-91796,-114272,43457,57472
28893.7,-91888,-114361,43409,57409
28895.7,-92057,-114413,43366,57370
28897.7,-92066,-114248,43323,57358
28899.7,-91862,-114080,43295,57352
28901.7,-91718,-114164,43316,57371
28903.7,-91885,-114389,43353,57406
28905.7,-92214,-114535,43350,57408
28907.7,-92315,-114559,43315,57372
28909.7,-92101,-114487,43290,57340
28911.7,-91928,-114367,43264,57310
28913.7,-92060,-114335,43233,57277
28915.7,-92310,-114431,43232,57278
28917.7,-92387,-114490,43240,57304
28919.7,-92287,-114403,43198,57290
28921.7,-92176,-114310,43143,57251
28923.7,-92170,-114372,43144,57263
28925.7,-92287,-114506,43160,57297
28927.68,-92407,-114530,43131,57282
28929.65,-92382,-114449,43108,57258
28931.63,-92278,-114413,43134,57279
28933.6,-92282,-114421,43154,57294
28935.6,-92376,-114355,43135,57266
28937.6,-92395,-114253,43124,57241
28939.6,-92317,-114226,43145,57249
28941.6,-92240,-114190,43192,57289
28943.6,-92227,-114060,43279,57375
28945.6,-92308,-113977,43373,57464
28947.6,-92452,-114033,43403,57481
28949.6,-92528,-114069,43380,57449
28951.6,-92475,-113997,43372,57449
28953.6,-92397,-113946,43386,57466
28955.6,-92401,-113969,43396,57461
28957.6,-92490,-113969,43414,57477
28959.6,-92577,-113889,43428,57523
28961.6,-92531,-113735,43407,57538
28963.6,-92360,-113552,43385,57538
28965.6,-92296,-113441,43423,57597
28967.6,-92438,-113424,43495,57689
28969.6,-92533,-113357,43536,57732
28971.6,-92412,-113187,43542,57734
28973.6,-92258,-113067,43555,57757
28975.6,-92260,-113065,43601,57812
28977.6,-92359,-113040,43646,57862
28979.6,-92417,-112919,43635,57875
28981.6,-92333,-112806,43576,57856
28983.6,-92121,-112768,43535,57837
28985.6,-92011,-112766,43536,57839
28987.6,-92158,-112764,43542,57851
28989.6,-92314,-112737,43527,57846
28991.6,-92200,-112647,43492,57805
28993.6,-91966,-112545,43448,57753
28995.6,-91926,-112585,43415,57733
28997.6,-92118,-112825,43402,57741
28999.6,-92381,-113125,43398,57755
29001.6,-92561,-113322,43408,57778
29003.6,-92568,-113384,43407,57773
29005.6,-92483,-113362,43311,57655
29007.57,-92506,-113376,43123,57454
29009.55,-92666,-113616,42981,57319
29011.53,-92788,-114120,42953,57282
29013.5,-92770,-114583,42950,57240
29015.5,-92677,-114686,42897,57174
29017.5,-92609,-114525,42822,57144
29019.5,-92624,-114424,42757,57137
29021.5,-92702,-114450,42694,57106
29023.5,-92760,-114465,42638,57066
29025.5,-92776,-114476,42612,57046
29027.5,-92814,-114578,42614,57032
29029.5,-92893,-114711,42618,57009
29031.5,-92947,-114748,42587,56967
29033.5,-92925,-114647,42509,56894
29035.5,-92830,-114449,42435,56824
29037.5,-92751,-114301,42442,56844
29039.5,-92820,-114368,42515,56959
29041.5,-93010,-114546,42544,57033
29043.5,-93096,-114567,42480,56977
29045.5,-92975,-114470,42414,56894
29047.5,-92835,-114548,42431,56903
29049.5,-92866,-114800,42469,56940
29051.5,-93018,-114910,42451,56897
29053.5,-93117,-114756,42411,56819
29055.5,-93067,-114544,42403,56793
29057.5,-92942,-114464,42419,56811
29059.5,-92934,-114501,42460,56850
29061.5,-93128,-114572,42542,56899
29063.5,-93348,-114650,42634,56907
29065.5,-93400,-114724,42712,56863
29067.5,-93334,-114739,42824,56842
29069.5,-93304,-114659,42996,56881
29071.5,-93319,-114552,43205,56956
29073.5,-93289,-114527,43469,57129
29075.5,-93123,-114576,43807,57482
29077.5,-92737,-114544,44134,57964
29079.5,-92193,-114286,44382,58531
29081.5,-91741,-113837,44599,59262
29083.5,-91451,-113320,44789,60112
29085.5,-91089,-112749,44807,60845
29087.47,-90624,-112089,44573,61370
29089.45,-90331,-111370,44153,61812
29091.43,-90246,-110614,43566,62164
29093.4,-90216,-109958,42777,62228
29095.4,-90427,-109842,41849,61845
29097.4,-91024,-110550,40868,60899
29099.4,-91618,-111676,39802,59340
29101.4,-91996,-112644,38674,57478
29103.4,-92540,-113394,37704,55895
29105.4,-93309,-113993,37100,54878
29107.4,-93736,-114252,36896,54322
29109.4,-93645,-114260,37064,54144
29111.4,-93473,-114453,37560,54327
29113.4,-93398,-114826,38220,54665
29115.4,-93256,-114939,38857,54940
29117.4,-93136,-114806,39466,55209
29119.4,-93223,-114824,40119,55596
29121.4,-93349,-114935,40737,55994
29123.4,-93259,-114796,41180,56249
29125.4,-93063,-114561,41466,56414
29127.4,-93035,-114616,41701,56587
29129.4,-93174,-114792,41880,56705
29131.4,-93251,-114691,41942,56695
29133.4,-93188,-114461,41939,56640
29135.4,-93157,-114465,41970,56647
29137.4,-93257,-114567,42029,56697
29139.4,-93348,-114455,42053,56725
29141.4,-93292,-114247,42039,56729
29143.4,-93160,-114221,42047,56740
29145.4,-93139,-114366,42100,56775
29147.4,-93299,-114540,42160,56804
29149.4,-93480,-114656,42187,56790
29151.4,-93446,-114647,42203,56765
29153.4,-93221,-114546,42221,56766
29155.4,-93105,-114481,42192,56742
29157.4,-93243,-114479,42136,56692
29159.4,-93418,-114482,42156,56732
29161.4,-93408,-114507,42237,56860
29163.4,-93286,-114556,42261,56919
29165.4,-93234,-114556,42220,56873
29167.4,-93293,-114514,42198,56832
29169.4,-93405,-114513,42196,56819
29171.4,-93502,-114568,42196,56806
29173.4,-93516,-114649,42232,56821
29175.3,-93439,-114731,42274,56856
29177.3,-93374,-114752,42269,56876
29179.3,-93412,-114704,42267,56922
29181.3,-93486,-114661,42312,57004
29183.3,-93452,-114628,42345,57036
29185.3,-93308,-114549,42330,56997
29187.3,-93218,-114490,42304,56953
29189.3,-93305,-114554,42287,56927
29191.3,-93478,-114671,42285,56916
29193.3,-93538,-114698,42292,56922
29195.3,-93410,-114596,42276,56903
29197.3,-93235,-114416,42244,56864
29199.3,-93208,-114273,42270,56897
29201.3,-93349,-114290,42343,57002
29203.3,-93485,-114413,42374,57067
29205.3,-93475,-114430,42360,57065
29207.3,-93367,-114297,42358,57056
29209.3,-93312,-114198,42376,57053
29211.3,-93372,-114224,42395,57037
29213.3,-93463,-114246,42406,57019
29215.3,-93447,-114177,42395,57010
29217.3,-93298,-114082,42389,57029
29219.3,-93174,-114008,42429,57094
29221.3,-93254,-113963,42467,57157
29223.3,-93465,-114012,42464,57184
29225.3,-93519,-114137,42484,57228
29227.3,-93316,-114128,42546,57287
29229.3,-93143,-113931,42560,57278
29231.3,-93252,-113835,42523,57213
29233.3,-93455,-113993,42524,57195
29235.3,-93429,-114112,42571,57233
29237.3,-93232,-113959,42583,57268
29239.3,-93153,-113757,42552,57287
29241.3,-93264,-113779,42538,57315
29243.3,-93418,-113941,42576,57371
29245.3,-93482,-114016,42637,57443
29247.3,-93403,-113956,42650,57474
29249.3,-93267,-113886,42605,57447
29251.3,-93264,-113920,42576,57434
29253.3,-93410,-114032,42603,57470
29255.2,-93489,-114080,42625,57499
29257.2,-93398,-113975,42613,57507
29259.2,-93269,-113784,42612,57534
29261.2,-93223,-113678,42647,57575
29263.2,-93272,-113733,42688,57603
29265.2,-93369,-113808,42709,57628
29267.2,-93383,-113724,42712,57647
29269.2,-93255,-113562,42722,57644
29271.2,-93168,-113562,42748,57639
29273.2,-93275,-113715,42773,57656
29275.2,-93407,-113772,42778,57681
29277.2,-93353,-113628,42770,57696
29279.2,-93184,-113437,42761,57703
29281.2,-93098,-113367,42760,57718
29283.2,-93175,-113428,42779,57750
29285.2,-93334,-113490,42797,57779
29287.2,-93361,-113427,42777,57769
29289.2,-93144,-113308,42744,57743
29291.2,-92915,-113302,42754,57765
29293.2,-92955,-113354,42794,57827
29295.2,-93146,-113281,42818,57864
29297.2,-93169,-113160,42845,57876
29299.2,-92991,-113194,42905,57925
29301.2,-92830,-113283,42959,58005
29303.2,-92840,-113245,42959,58051
29305.2,-92999,-113205,42930,58043
29307.2,-93129,-113283,42923,58037
29309.2,-93048,-113271,42920,58046
29311.2,-92850,-113010,42849,57993
29313.2,-92822,-112743,42730,57875
29315.2,-92986,-112784,42713,57856
29317.2,-93091,-113086,42835,57997
29319.2,-93046,-113304,42909,58104
29321.2,-92963,-113217,42833,58046
29323.2,-92916,-113027,42767,57986
29325.2,-92952,-113080,42825,58056
29327.2,-93114,-113333,42884,58131
29329.2,-93261,-113429,42844,58091
29331.2,-93192,-113285,42789,58023
29333.2,-92999,-113141,42805,58032
29335.2,-92962,-113099,42857,58090
29337.18,-93133,-113059,42871,58119
29339.15,-93289,-112998,42837,58102
29341.13,-93252,-112970,42809,58090
29343.1,-93112,-112939,42818,58113
29345.1,-93110,-112889,42825,58121
29347.1,-93305,-112928,42811,58085
29349.1,-93485,-113115,42832,58068
29351.1,-93481,-113294,42883,58090
29353.1,-93391,-113277,42879,58082
29355.1,-93383,-113122,42822,58031
29357.1,-93488,-113058,42793,57996
29359.1,-93632,-113163,42812,57993
29361.1,-93686,-113270,42838,58006
29363.1,-93590,-113240,42841,58012
29365.1,-93507,-113165,42793,57966
29367.1,-93632,-113215,42724,57888
29369.1,-93845,-113369,42718,57873
29371.1,-93857,-113433,42745,57899
29373.1,-93672,-113332,42709,57853
29375.1,-93575,-113234,42657,57783
29377.1,-93705,-113290,42691,57814
29379.1,-93888,-113387,42757,57894
29381.1,-93905,-113341,42767,57908
29383.1,-93767,-113207,42753,57883
29385.1,-93684,-113179,42753,57883
29387.1,-93793,-113276,42749,57902
29389.1,-93984,-113337,42755,57925
29391.1,-94063,-113293,42785,57954
29393.1,-93990,-113234,42805,57969
29395.1,-93880,-113224,42793,57959
29397.1,-93852,-113217,42755,57923
29399.1,-93936,-113193,42708,57881
29401.1,-94046,-113180,42702,57898
29403.1,-94058,-113148,42745,57968
29405.1,-93982,-113096,42736,57965
29407.1,-93991,-113156,42649,57862
29409.1,-94170,-113380,42609,57805
29411.1,-94345,-113546,42649,57834
29413.1,-94296,-113460,42653,57827
29415.1,-94076,-113263,42606,57774
29417.07,-93947,-113187,42607,57782
29419.05,-94043,-113240,42659,57849
29421.03,-94207,-113283,42693,57908
29423.0,-94208,-113257,42718,57961
29425.0,-94043,-113203,42752,58002
29427.0,-93915,-113155,42744,57976
29429.0,-93957,-113104,42676,57898
29431.0,-94093,-113077,42614,57848
29433.0,-94173,-113163,42607,57847
29435.0,-94140,-113313,42628,57846
29437.0,-94069,-113335,42642,57836
29439.0,-94091,-113232,42667,57868
29441.0,-94229,-113232,42716,57945
29443.0,-94350,-113356,42734,57977
29445.0,-94338,-113409,42699,57925
29447.0,-94259,-113385,42667,57871
29449.0,-94248,-113426,42652,57862
29451.0,-94327,-113501,42601,57839
29453.0,-94403,-113515,42546,57806
29455.0,-94368,-113476,42557,57831
29457.0,-94236,-113389,42579,57878
29459.0,-94168,-113294,42538,57863
29461.0,-94280,-113339,42489,57822
29463.0,-94436,-113474,42494,57828
29465.0,-94434,-113420,42496,57840
29467.0,-94328,-113216,42450,57807
29469.0,-94314,-113258,42419,57772
29471.0,-94414,-113570,42450,57779
29473.0,-94494,-113725,42492,57801
29475.0,-94486,-113580,42490,57807
29477.0,-94388,-113396,42459,57811
29479.0,-94233,-113288,42430,57819
29481.0,-94179,-113234,42402,57805
29483.0,-94369,-113373,42392,57789
29485.0,-94631,-113692,42442,57827
29487.0,-94638,-113826,42500,57882
29489.0,-94412,-113659,42467,57848
29491.0,-94313,-113556,42384,57759
29493.0,-94473,-113654,42367,57739
29495.0,-94619,-113637,42377,57765
29496.97,-94532,-113429,42322,57748
29498.95,-94367,-113348,42280,57740
29500.93,-94378,-113476,42338,57803
29502.9,-94564,-113568,42406,57865
29504.9,-94707,-113548,42405,57875
29506.9,-94690,-113544,42385,57872
29508.9,-94620,-113574,42361,57846
29510.9,-94624,-113569,42303,57776
29512.9,-94680,-113568,42258,57734
29514.9,-94715,-113634,42270,57759
29516.9,-94704,-113682,42291,57786
29518.9,-94641,-113582,42289,57796
29520.9,-94566,-113398,42300,57833
29522.9,-94588,-113345,42333,57885
29524.9,-94724,-113477,42348,57894
29526.9,-94824,-113620,42323,57859
29528.9,-94802,-113665,42279,57818
29530.9,-94745,-113667,42251,57787
29532.9,-94737,-113646,42238,57751
29534.9,-94752,-113562,42218,57715
29536.9,-94761,-113467,42228,57738
29538.9,-94736,-113444,42320,57841
29540.9,-94646,-113447,42435,57943
29542.9,-94564,-113385,42494,57988
29544.9,-94634,-113275,42523,58026
29546.9,-94824,-113191,42551,58062
29548.9,-94917,-113148,42537,58025
29550.9,-94828,-113101,42495,57952
29552.9,-94717,-113033,42505,57953
29554.9,-94740,-113001,42569,58024
29556.9,-94836,-113035,42644,58098
29558.9,-94830,-113031,42705,58163
29560.9,-94694,-112862,42708,58193
29562.9,-94597,-112646,42651,58171
29564.9,-94691,-112648,42653,58199
29566.9,-94895,-112817,42771,58336
29568.9,-94988,-112787,42874,58454
29570.9,-94882,-112511,42869,58462
29572.9,-94718,-112377,42858,58459
29574.9,-94661,-112505,42916,58523
29576.88,-94719,-112573,42973,58609
29578.85,-94787,-112460,42983,58686
29580.82,-94768,-112373,42973,58742
29582.8,-94656,-112376,42938,58726
29584.8,-94583,-112397,42872,58647
29586.8,-94697,-112469,42824,58592
29588.8,-94898,-112547,42817,58584
29590.8,-94940,-112503,42805,58561
29592.8,-94854,-112432,42761,58506
29594.8,-94859,-112479,42717,58464
29596.8,-94911,-112534,42703,58446
29598.8,-94898,-112556,42696,58422
29600.8,-95000,-112739,42669,58383
29602.8,-95262,-113071,42630,58349
29604.8,-95338,-113294,42557,58297
29606.8,-95160,-113389,42412,58176
29608.8,-95127,-113522,42255,58034
29610.8,-95297,-113657,42183,57970
29612.8,-95285,-113685,42146,57941
29614.8,-95064,-113686,42037,57837
29616.8,-94978,-113746,41911,57725
29618.8,-95046,-113822,41863,57714
29620.8,-95054,-113881,41845,57730
29622.8,-95085,-113946,41810,57691
29624.8,-95303,-114007,41806,57670
29626.8,-95507,-114043,41824,57689
29628.8,-95446,-114055,41805,57659
29630.8,-95267,-114047,41785,57593
29632.8,-95205,-114020,41803,57575
29634.8,-95170,-113945,41806,57595
29636.8,-95030,-113815,41792,57628
29638.8,-94926,-113733,41820,57694
29640.8,-95018,-113819,41861,57762
29642.8,-95219,-113995,41852,57774
29644.8,-95362,-114088,41834,57748
29646.8,-95381,-114089,41838,57723
29648.8,-95318,-114096,41803,57672
29650.8,-95305,-114116,41715,57588
29652.8,-95411,-114132,41664,57526
29654.8,-95494,-114156,41711,57540
29656.78,-95440,-114116,41801,57619
29658.75,-95376,-113933,41854,57689
29660.72,-95450,-113752,41875,57693
29662.7,-95637,-113776,41938,57664
29664.7,-95834,-113900,42064,57661
29666.7,-95915,-113884,42232,57701
29668.7,-95778,-113802,42471,57802
29670.7,-95525,-113871,42802,57994
29672.7,-95356,-113995,43124,58256
29674.7,-95218,-113944,43340,58579
29676.7,-94862,-113752,43518,59055
29678.7,-94259,-113482,43760,59757
29680.7,-93651,-112992,43991,60590
29682.7,-93257,-112292,44019,61346
29684.7,-93084,-111658,43758,61906
29686.7,-92959,-111129,43295,62321
29688.7,-92740,-110462,42744,62677
29690.7,-92536,-109726,42100,62911
29692.7,-92585,-109426,41307,62803
29694.7,-92976,-109939,40391,62135
29696.7,-93607,-111120,39398,60844
29698.7,-94294,-112444,38314,59114
29700.7,-94876,-113421,37227,57379
29702.7,-95356,-113947,36404,56070
29704.7,-95834,-114219,36049,55313
29706.7,-96199,-114431,36139,55003
29708.7,-96239,-114676,36567,55044
29710.7,-96030,-114927,37205,55311
29712.7,-95826,-114990,37903,55616
29714.7,-95703,-114799,38595,55919
29716.7,-95647,-114646,39304,56321
29718.7,-95659,-114718,39967,56769
29720.7,-95593,-114733,40486,57110
29722.7,-95329,-114483,40875,57343
29724.7,-95128,-114250,41163,57521
29726.7,-95286,-114288,41317,57606
29728.7,-95622,-114405,41391,57619
29730.7,-95756,-114372,41487,57661
29732.7,-95638,-114257,41582,57727
29734.7,-95481,-114188,41605,57749
29736.68,-95448,-114127,41595,57756
29738.65,-95534,-113999,41593,57771
29740.63,-95590,-113878,41572,57742
29742.6,-95537,-113930,41570,57701
29744.6,-95552,-114176,41652,57750
29746.6,-95778,-114409,41749,57845
29748.6,-96009,-114480,41741,57839
29750.6,-95975,-114482,41663,57741
29752.6,-95738,-114468,41634,57689
29754.6,-95522,-114295,41658,57719
29756.6,-95446,-113999,41652,57741
29758.6,-95524,-113918,41620,57738
29760.6,-95657,-114148,41647,57794
29762.6,-95684,-114365,41731,57905
29764.6,-95638,-114399,41765,57950
29766.6,-95727,-114425,41717,57897
29768.6,-95951,-114510,41664,57840
29770.6,-96053,-114499,41655,57824
29772.6,-95879,-114382,41668,57806
29774.6,-95551,-114295,41701,57802
29776.6,-95320,-114255,41764,57867
29778.6,-95345,-114195,41825,57965
29780.6,-95556,-114142,41842,58012
29782.6,-95730,-114176,41827,58007
29784.6,-95753,-114275,41820,58011
29786.6,-95723,-114344,41837,58038
29788.6,-95772,-114359,41852,58042
29790.6,-95872,-114378,41825,57993
29792.6,-95837,-114358,41766,57923
29794.6,-95578,-114179,41734,57890
29796.6,-95341,-113951,41756,57916
29798.6,-95446,-113964,41820,57994
29800.6,-95785,-114216,41898,58097
29802.6,-95957,-114384,41947,58161
29804.6,-95863,-114354,41937,58148
29806.6,-95760,-114335,41911,58104
29808.6,-95817,-114435,41910,58081
29810.6,-95935,-114518,41914,58069
29812.6,-95923,-114475,41921,58077
29814.6,-95680,-114327,41958,58130
29816.57,-95356,-114127,41982,58173
29818.55,-95237,-113952,41968,58178
29820.53,-95384,-113898,41990,58220
29822.5,-95585,-113962,42056,58308
29824.5,-95714,-114040,42067,58332
29826.5,-95806,-114066,42032,58285
29828.5,-95859,-114086,42048,58276
29830.5,-95860,-114142,42098,58317
29832.5,-95829,-114163,42106,58343
29834.5,-95700,-114061,42088,58344
29836.5,-95444,-113897,42087,58348
29838.5,-95264,-113810,42100,58375
29840.5,-95344,-113817,42118,58432
29842.5,-95574,-113835,42115,58467
29844.5,-95735,-113849,42087,58443
29846.5,-95747,-113913,42105,58447
29848.5,-95677,-114034,42189,58528
29850.5,-95666,-114126,42242,58586
29852.5,-95739,-114074,42231,58565
29854.5,-95703,-113870,42233,58555
29856.5,-95473,-113665,42250,58592
29858.5,-95280,-113588,42233,58616
29860.5,-95313,-113590,42233,58638
29862.5,-95501,-113626,42307,58720
29864.5,-95721,-113775,42401,58838
29866.5,-95839,-113987,42449,58910
29868.5,-95741,-114038,42456,58912
29870.5,-95576,-113874,42440,58878
29872.5,-95571,-113668,42406,58835
29874.5,-95578,-113509,42386,58801
29876.5,-95354,-113391,42441,58840
29878.5,-95068,-113339,42558,58969
29880.5,-95027,-113336,42623,59059
29882.5,-95247,-113371,42592,59037
29884.5,-95550,-113538,42591,59038
29886.5,-95693,-113732,42656,59124
29888.5,-95553,-113643,42639,59124
29890.5,-95377,-113389,42524,59006
29892.5,-95425,-113402,42496,58964
29894.5,-95459,-113566,42578,59034
29896.47,-95225,-113447,42634,59094
29898.45,-94950,-113196,42670,59175
29900.43,-94873,-113219,42743,59303
29902.4,-94987,-113425,42775,59361
29904.4,-95321,-113588,42735,59340
29906.4,-95732,-113746,42699,59342
29908.4,-95832,-113851,42670,59332
29910.4,-95631,-113783,42624,59277
29912.4,-95468,-113648,42608,59257
29914.4,-95315,-113520,42613,59251
29916.4,-95072,-113335,42594,59216
29918.4,-94973,-113181,42603,59253
29920.4,-95028,-113177,42651,59359
29922.4,-95058,-113273,42651,59373
29924.4,-95284,-113443,42612,59332
29926.4,-95746,-113634,42609,59364
29928.4,-95909,-113664,42599,59378
29930.4,-95669,-113548,42555,59305
29932.4,-95469,-113461,42546,59274
29934.4,-95317,-113335,42566,59301
29936.4,-95096,-113144,42563,59298
29938.4,-95102,-113139,42592,59331
29940.4,-95226,-113276,42657,59429
29942.4,-95109,-113287,42645,59451
29944.4,-95181,-113342,42563,59394
29946.4,-95787,-113638,42525,59379
29948.4,-96212,-113828,42517,59364
29950.4,-96030,-113702,42483,59290
29952.4,-95752,-113531,42462,59238
29954.4,-95550,-113387,42472,59216
29956.4,-95278,-113184,42485,59186
29958.4,-95261,-113118,42525,59222
29960.4,-95541,-113239,42579,59316
29962.4,-95679,-113322,42568,59315
29964.4,-95820,-113431,42508,59238
29966.4,-96251,-113726,42470,59212
29968.4,-96493,-113964,42437,59197
29970.4,-96275,-113926,42391,59132
29972.4,-96035,-113737,42374,59093
29974.4,-95854,-113499,42378,59091
29976.38,-95540,-113292,42374,59071
29978.35,-95442,-113304,42393,59080
29980.32,-95755,-113487,42419,59140
29982.3,-95977,-113564,42388,59161
29984.3,-95937,-113557,42350,59141
29986.3,-96199,-113739,42392,59174
29988.3,-96821,-114048,42429,59214
29990.3,-96931,-114060,42367,59148
29992.3,-96309,-113731,42309,59064
29994.3,-95991,-113564,42359,59111
29996.3,-96065,-113466,42390,59143
29998.3,-94988,-112543,42310,58933
