version https://git-lfs.github.com/spec/v1
oid sha256:9535bd2f897be23693ad6322b39fe91d0b36add311d08ec90faf878230aedd04
size 19779
