version https://git-lfs.github.com/spec/v1
oid sha256:359c199bf1fa0a4853aab9ed8f3464cc63d00a055ae4788d8b830fb73fd39461
size 17113
