version https://git-lfs.github.com/spec/v1
oid sha256:c1b1acef71051cca79fc3b0a71359c178f1a5855c0a90852846c46a8fa8f98ad
size 81804
