version https://git-lfs.github.com/spec/v1
oid sha256:00dd4441ce634a71dc197bd6f164f5b49aee38df42743ad4f08b06f3aaee1ebf
size 335865
