version https://git-lfs.github.com/spec/v1
oid sha256:53034f9304e10630577a606db9f41ad62d9803449d45bb9ba43cb513e15a4223
size 902284
