version https://git-lfs.github.com/spec/v1
oid sha256:830789b4e7c887766f5a2a92fcccdef534b8c02c8460aa1d43694ff083f6c1da
size 60787
