version https://git-lfs.github.com/spec/v1
oid sha256:382e3bc4dfaa981d4c198c04eb561cfe08a84d2bc9fa6330f51688d2523c53d2
size 34654
