version https://git-lfs.github.com/spec/v1
oid sha256:c26e53dd9675375e750e22a1c008dc6ce365a284581371e3e7c820c4ad37b12b
size 41777
