version https://git-lfs.github.com/spec/v1
oid sha256:a8f958ea5382871aa2e201ead218857fdfa2103040ac94854c6060b53b024080
size 17324
