version https://git-lfs.github.com/spec/v1
oid sha256:216dadbd9c69ace7e58c1b463754eeafae51d1d59a1edb9a430eac07cfd1a83e
size 20329
