version https://git-lfs.github.com/spec/v1
oid sha256:70d20eba2027b7d1875a1363a8a08e0d775b3a39f2680529d4e6b6f3bb41c19f
size 20996
