version https://git-lfs.github.com/spec/v1
oid sha256:394d5716d70a495508489537bda9fb43cd791897c03a040434c3d8b0f5945520
size 31539
