version https://git-lfs.github.com/spec/v1
oid sha256:ea0e5e61e2941d90786d69da7993aac1dbe395824f1c822872b4f130a7bb99b6
size 172250
