version https://git-lfs.github.com/spec/v1
oid sha256:9d4b387014362e9933d65568979322ea4f521ecb9b680be450d49b3dd46df879
size 508118
