version https://git-lfs.github.com/spec/v1
oid sha256:c83267c3a2d81b456d9568063123d4ae6725ed572509e39fe58a9559a75298a5
size 15085
