version https://git-lfs.github.com/spec/v1
oid sha256:e7f3280a8b6e8fda02c37f81db37b7780a1e574046685147620d5012b07d20d8
size 68413
