version https://git-lfs.github.com/spec/v1
oid sha256:fdd18a0802cbdf441abccf5165cda49f33474da8d825a87a425d869fead6c203
size 60214
